3.007650426828567536e-02 2.716711081757917923e-02
3.007650426828567536e-02 2.716711081757917923e-02
3.009683369754867499e-02 2.794405861206445199e-02
3.034126023772786354e-02 2.840056829057203622e-02
3.073851251190172842e-02 2.858988647031636410e-02
3.099904169572456278e-02 2.859611828340594825e-02
3.133036166607643114e-02 2.810747217462034042e-02
3.129806451770375531e-02 2.884985678752557264e-02
3.158246730685547454e-02 2.893803953852662134e-02
3.127926691964429129e-02 2.800065903530935332e-02
3.170181914597208078e-02 2.867841937742286393e-02
3.260713137613877738e-02 2.891293848313877118e-02
3.279753280050363984e-02 2.861882898981885082e-02
3.260999604145269071e-02 2.861920837120943140e-02
3.313294699806245552e-02 2.930343596199282835e-02
3.338570302240585763e-02 2.959651411011233677e-02
3.366349228634313295e-02 3.015387762563880372e-02
3.354453552897154051e-02 3.000365232268899229e-02
3.368863394859731436e-02 3.086838752536589375e-02
3.381882662150575980e-02 3.096649534938621801e-02
3.402991199672647515e-02 3.172515871013872890e-02
3.373673780274401290e-02 3.193616450215609054e-02
3.325541268648297966e-02 3.093361338842912436e-02
3.319799679043711205e-02 3.064978771731006330e-02
3.334124845363881789e-02 3.065967489898349663e-02
3.374797632193941854e-02 3.103589537465696602e-02
3.359034737350827249e-02 3.060645248524962100e-02
3.380261658694467403e-02 3.055258594263626781e-02
3.389798967586336170e-02 3.096993103488095839e-02
3.383782993739474498e-02 3.055926624464422661e-02
3.362938327025320057e-02 3.013803509647799278e-02
3.359243326651607797e-02 3.058414499524787777e-02
3.396831822605422130e-02 3.016229788406425000e-02
3.388224857291767533e-02 2.996340403542986294e-02
3.271111376570513818e-02 3.193159962899870530e-02
3.269973601878926883e-02 3.136420587715790798e-02
3.306067400095741987e-02 3.240978201893790489e-02
3.345239880306414421e-02 3.227994703939290888e-02
3.365170465752277684e-02 3.209454593517415549e-02
3.261483043374276830e-02 3.218968927623280102e-02
3.293999456875069953e-02 3.189770071507925381e-02
3.285192597753511939e-02 3.166873602161970891e-02
3.260177504069696613e-02 3.095622541893685090e-02
3.301891171846940004e-02 3.063830684679751809e-02
3.258067902515301290e-02 2.908870860478037987e-02
3.273903357041221124e-02 2.990045875164780431e-02
3.273605486761281547e-02 2.958678201320386059e-02
3.291954315062060876e-02 2.995211597514150365e-02
3.312103936587671577e-02 3.045792509685132238e-02
3.367452567340942227e-02 3.051194885182021213e-02
3.363764326362497781e-02 3.051219021914312879e-02
3.370204252445218457e-02 3.092080293381871056e-02
3.405148297323640910e-02 3.144769675771891954e-02
3.399641445402248191e-02 3.129064649295752037e-02
3.394909294877845873e-02 3.086058912860372913e-02
3.354215505094232386e-02 2.991077419963233258e-02
3.309189520209005614e-02 3.004954749082386009e-02
3.311020068279812989e-02 3.012025585207082565e-02
3.321928089093449665e-02 3.075161596171929398e-02
3.326496300855839860e-02 3.093249010905217006e-02
3.346562018701502300e-02 3.042490829685246673e-02
3.312328257562007633e-02 2.952571947413182990e-02
3.244419980236103174e-02 2.861355025396825069e-02
3.259949685467480873e-02 2.865964629987041365e-02
3.234183659206070482e-02 2.826331667254327468e-02
3.222501863205282785e-02 2.783478433500824814e-02
3.240597708456792458e-02 2.892370320998196437e-02
3.258914751719999003e-02 2.792338881491598229e-02
3.242767530740288395e-02 2.805985295324681106e-02
3.229565402155613885e-02 2.885296045134433038e-02
3.172163274790515408e-02 2.952957667352210450e-02
3.170260360467218319e-02 3.006858912627415406e-02
3.221015810093318110e-02 3.072975851152275409e-02
3.241875145466371899e-02 3.120341285035491477e-02
3.254735176204485991e-02 3.075611122920234031e-02
3.246282673094173093e-02 2.983773308980686850e-02
3.240781126056408584e-02 2.988551757568574593e-02
3.220523034764258968e-02 2.936715531995995332e-02
3.194515695835118546e-02 2.863996321378580595e-02
3.189408065001893278e-02 2.895582057649408181e-02
3.211887597025754604e-02 2.912993337731263968e-02
3.260004942773107178e-02 3.093356640549584785e-02
3.306529955028445628e-02 3.118142033726136603e-02
3.331739240783423983e-02 3.128487568223437681e-02
3.334099808843943302e-02 3.143996985493493351e-02
3.381374298987757654e-02 3.141781688721412280e-02
3.368039916047294025e-02 3.164592684320469834e-02
3.381779302577914148e-02 3.214962916375739554e-02
3.351221290134829417e-02 3.117868616565519155e-02
3.371948292767412009e-02 3.135155794960352987e-02
3.372013576923461181e-02 3.203149001462096690e-02
3.383395938384233664e-02 3.162669352158101188e-02
3.408911685194400409e-02 3.130467428502684696e-02
3.385020846049747317e-02 3.114269004021211901e-02
3.358948591934669131e-02 3.083217052943330178e-02
3.376859731712660712e-02 3.062621328640771634e-02
3.360509861530598663e-02 3.107439665877340107e-02
3.373017467238885458e-02 3.119307313936207221e-02
3.366635064985806086e-02 2.991569360530745014e-02
3.386754812656914831e-02 2.990448697685285651e-02
3.415151818589561017e-02 3.026579505761430727e-02
3.414473188751366434e-02 3.048819292041693441e-02
3.412254543337712998e-02 3.044587492561721259e-02
3.336537953413434843e-02 2.925119763207950987e-02
3.329001709876384940e-02 2.950495095959315001e-02
3.221157072653640235e-02 2.836089841892876565e-02
3.269916292860945706e-02 2.862913412605515295e-02
3.251255302893069771e-02 2.906759913257697323e-02
3.279146089133583297e-02 2.888781085917346836e-02
3.290714315085105368e-02 2.915876147088027059e-02
3.313997593941220288e-02 2.954288059172511041e-02
3.311495480336824893e-02 2.979304063567787125e-02
3.303845653302446561e-02 3.031529910662255842e-02
3.320777117596008382e-02 3.044676821582396886e-02
3.290335987059028744e-02 3.135999574742844714e-02
3.281801127605828844e-02 3.173059032373207883e-02
3.309396134436331377e-02 3.185638039992653991e-02
3.323122470144709156e-02 3.137310460201443718e-02
3.302204447756493244e-02 3.131185748760596105e-02
3.330155192983264012e-02 3.211299570413766319e-02
3.342622604103639983e-02 3.112726715466174188e-02
3.363482159742188504e-02 3.153648522563783779e-02
3.399563980658251716e-02 3.241360343598862631e-02
3.373585623483701945e-02 3.189614624576828789e-02
3.368088419019879542e-02 3.154303186888306881e-02
3.401487096954284445e-02 3.289187741523757341e-02
3.408306453812427750e-02 3.311874001480426266e-02
3.417047582309602760e-02 3.291839297103438255e-02
3.383690378620222983e-02 3.212210294793230864e-02
3.348253439168857176e-02 3.110653350359805433e-02
3.399320181071349700e-02 3.126078314051412843e-02
3.406593267565231897e-02 3.127407678730535073e-02
3.428579802874388155e-02 3.158153276282470168e-02
3.261805773145600579e-02 2.877067179923883597e-02
3.256078667874089116e-02 2.852323442101899198e-02
3.285631825750642832e-02 2.947434698100221198e-02
3.325772277284850392e-02 3.021529583186646079e-02
3.329171374443530562e-02 3.056356286677505002e-02
3.329002706899255454e-02 3.113156359120097805e-02
3.311358454076802210e-02 3.078557710780190429e-02
3.290861119420471909e-02 3.020618957534265681e-02
3.258438966001439563e-02 2.968822637918107701e-02
3.326528618770720203e-02 3.124461705043795126e-02
3.442887141261363748e-02 3.250725849009491325e-02
3.425994885757351061e-02 3.404268430713182358e-02
3.407704106479657324e-02 3.400552779415887128e-02
3.437603422573456274e-02 3.392262522735471630e-02
3.422032164315930852e-02 3.549412522707057899e-02
3.401966507847474508e-02 3.471996766057146994e-02
3.381726736665355282e-02 3.413283023729209165e-02
3.377099829302163125e-02 3.299434986783103541e-02
3.337199821400710364e-02 3.206470762352780363e-02
3.268641879924229221e-02 3.311521356171542863e-02
3.289958227405108404e-02 3.270917423818914260e-02
3.321126378899873222e-02 3.258936926753146224e-02
3.335128031438296808e-02 3.173620029968372142e-02
3.309627890755789670e-02 3.152032482744430986e-02
3.366612797504822674e-02 3.193416499076449921e-02
3.389338127967903014e-02 3.239438996033066481e-02
3.351847642039378766e-02 3.064719603377610499e-02
3.322190904211032303e-02 3.019111669474790205e-02
3.292911965384449913e-02 3.016643172687067873e-02
3.399240052151698832e-02 3.533500895794843694e-02
3.430257812335481271e-02 3.590577816378579673e-02
3.451930300590671380e-02 3.538685088163451981e-02
3.506504690192715351e-02 3.427002463863083881e-02
3.446981410326211553e-02 3.305232477335746238e-02
3.415612162918040678e-02 3.329631468365121943e-02
3.427794464725221479e-02 3.328812938099772606e-02
3.388031051431418528e-02 3.141556864425686796e-02
3.393836171480651281e-02 3.142194452505732427e-02
3.392357274719193239e-02 3.092580972189539618e-02
3.392594694326138416e-02 3.131932355637075810e-02
3.426862567689924199e-02 3.239219067242526257e-02
3.435257466591180864e-02 3.299539777235868665e-02
3.440213605704026817e-02 3.317755124276570294e-02
3.417004086903826371e-02 3.343445311594315378e-02
3.438351812915853289e-02 3.362255435717539931e-02
3.413404718632269408e-02 3.338873776378157437e-02
3.373610716308310387e-02 3.335285753511158663e-02
3.319153528204683845e-02 3.241373029256712501e-02
3.279306916516289139e-02 3.100260708133540169e-02
3.274414626550099794e-02 3.038324469936075356e-02
3.319984233775304799e-02 3.049587652252329709e-02
3.330671040339641675e-02 3.069053852055913731e-02
3.341743472052464276e-02 3.060963939917963131e-02
3.360125862548751785e-02 3.055393515283651856e-02
3.366518718419835021e-02 3.065786721298651568e-02
3.360938024282948688e-02 3.047849092214664074e-02
3.461524583484501538e-02 3.068282606597391021e-02
3.476944438792074765e-02 3.111355761282082535e-02
3.433305685018069042e-02 3.048316996812400204e-02
3.420734353476492795e-02 3.057891518438567852e-02
3.511285123658117180e-02 3.051261244281079990e-02
3.489869363754181941e-02 3.059902633196985230e-02
3.494167311888140420e-02 3.093987753110106695e-02
3.508065506041849191e-02 3.114079816418239416e-02
3.543925083699155792e-02 3.163740565193297327e-02
3.534403133751566617e-02 3.121033468616606771e-02
3.542944348111684572e-02 3.142213368126616641e-02
3.482178417098299311e-02 3.072882411689917964e-02
3.586166885803261650e-02 3.422951226360547439e-02
3.592712736823817227e-02 3.344115873146299989e-02
3.590768305696713514e-02 3.357310717716854853e-02
3.567344144583475818e-02 3.354339950040886864e-02
3.515958038374666916e-02 3.241540602822774730e-02
3.524288485060640685e-02 3.183074148952497878e-02
3.552000299433456104e-02 3.175954160457710590e-02
3.509382865062050938e-02 3.260794454711833656e-02
3.426709029604419615e-02 3.261269682776357648e-02
3.465926343940509829e-02 3.243666020124868349e-02
3.473525059625633821e-02 3.318174510708725433e-02
3.478993706358728122e-02 3.251368187625398865e-02
3.421678503462283888e-02 3.306984918812985730e-02
3.442857119268435268e-02 3.306430280758875656e-02
3.441485352485545296e-02 3.230608366016399224e-02
3.425330942496899317e-02 3.183385007056665356e-02
3.472911041408749400e-02 3.385857853005937168e-02
3.460038070767201823e-02 3.374623330416588740e-02
3.517035829061984642e-02 3.318605952880667592e-02
3.510428582424256899e-02 3.198684902664719609e-02
3.565062886966511441e-02 3.166503227779556007e-02
3.560613494200749740e-02 3.250754307836802720e-02
3.491114302852719314e-02 3.173904046355606468e-02
3.405381967900062562e-02 2.988153329232400013e-02
3.376246221614505327e-02 3.103912927490640877e-02
3.361660811648966435e-02 3.107097690541273799e-02
3.335682343677018324e-02 3.097176679459886367e-02
3.388403234667518998e-02 3.023712450203654492e-02
3.329789926953946599e-02 3.094940090795327003e-02
3.496810934258551967e-02 3.785446081715794497e-02
3.520953347311619325e-02 3.717318370313986431e-02
3.472598181608744367e-02 3.524139848412301962e-02
3.446264122086603598e-02 3.470812939546347869e-02
3.463489333100979589e-02 3.439424903923862797e-02
3.413851137262449015e-02 3.380690719426843877e-02
3.406257692827424632e-02 3.349951430889548665e-02
3.372218339282849475e-02 3.327774731221285615e-02
3.363161232142357349e-02 3.305669743127596927e-02
3.458721642185085682e-02 3.416899469552951707e-02
3.433595863034081402e-02 3.510948188671781517e-02
3.316113247979833589e-02 3.418138195183800798e-02
3.339762789851586505e-02 3.466282458940327799e-02
3.382638076333367022e-02 3.434222467277607549e-02
3.469382762305577017e-02 3.367649298978823980e-02
3.504275825447327603e-02 3.443597050440300178e-02
3.502387623701622155e-02 3.356726413356317384e-02
3.483839054017077302e-02 3.394629324333524323e-02
3.357090168577911427e-02 3.324075114400351638e-02
3.350427747398221356e-02 3.306942779419770606e-02
3.392103945655808306e-02 3.192971731102532684e-02
3.369342727703331097e-02 3.194995098915052317e-02
3.362258784206532958e-02 3.089709465257456725e-02
3.399391647483922946e-02 3.121798468867341414e-02
3.442590808541312608e-02 3.184411557060479181e-02
3.408127637618674211e-02 3.138995853437961253e-02
3.361621102669507671e-02 3.226808700145081948e-02
3.349077518564731043e-02 3.168269908132207574e-02
3.399140160230185170e-02 3.355456192167535073e-02
3.387412467626205181e-02 3.319365936311015342e-02
3.366041000119963933e-02 3.293445130185184561e-02
3.290464535793022338e-02 3.243764326302871204e-02
3.280319173381270742e-02 3.259012515306312918e-02
3.276313337436233958e-02 3.283317084072814168e-02
3.281765680515707356e-02 3.263793367235133525e-02
3.304479234084000544e-02 3.244980875000461756e-02
3.321663723697382969e-02 3.238860321755071547e-02
3.343750869318875413e-02 3.287482645180401369e-02
3.316352539440816510e-02 3.223282070074755951e-02
3.277422495307757977e-02 3.112272764298460587e-02
3.308332605090365947e-02 3.190562216895768965e-02
3.311541923184952579e-02 3.200737232189325432e-02
3.341332078158727736e-02 3.251935710838645133e-02
3.338032378682347784e-02 3.316146812364927088e-02
3.354750799100094522e-02 3.366964626316847065e-02
3.393217930353208817e-02 3.377374514061859401e-02
3.415239872957130662e-02 3.454407343513021117e-02
3.441183426562872266e-02 3.493448652477293415e-02
3.376730444733336972e-02 3.517438741700162214e-02
3.400195722719202840e-02 3.441947771365186370e-02
3.376325114550568496e-02 3.480648232353791838e-02
3.374679337212177499e-02 3.501069869382688465e-02
3.359699410893009219e-02 3.330379432432759024e-02
3.355418883101607408e-02 3.315287785445677343e-02
3.368196262518773770e-02 3.334035178645865238e-02
3.391462159184843034e-02 3.366542486654174743e-02
3.340124290323671918e-02 3.343234892803588487e-02
3.357035827419144192e-02 3.324622278562228139e-02
3.403971718326524037e-02 3.219541999338776384e-02
3.413757114617715221e-02 3.346241204313372269e-02
3.407770228805399176e-02 3.331579760071035068e-02
3.313229741843913556e-02 3.446843129984929893e-02
3.307727966673068565e-02 3.411754397968711633e-02
3.326968035531748663e-02 3.417474909458764754e-02
3.346424050035221032e-02 3.274290138850776549e-02
3.415566005542910316e-02 3.357075758840039753e-02
3.424495234313978259e-02 3.419444222142713902e-02
3.493110969793444820e-02 3.541812779605296724e-02
3.465249671262451980e-02 3.454563681961938387e-02
3.535254920085621061e-02 3.606436087281664898e-02
3.499408412762598786e-02 3.559328936481618438e-02
3.442083192033063704e-02 3.519378165415641690e-02
3.485155170005368314e-02 3.445116586828297217e-02
3.473921852870175825e-02 3.381271359336616988e-02
3.448983925914458903e-02 3.251637889879972765e-02
3.452805987961567874e-02 3.279008157035246535e-02
3.484394572340374086e-02 3.221049246513306430e-02
3.485960709824614812e-02 3.244051380137896734e-02
3.573339521466902674e-02 3.463300260730349522e-02
3.558858346196619449e-02 3.443892705299299306e-02
3.535948278255883481e-02 3.374225651518327623e-02
3.450907912900199465e-02 3.278316383614613555e-02
3.319472673856963679e-02 3.220441450572265885e-02
3.290013345972143260e-02 3.226689558941237684e-02
3.341860215715714705e-02 3.165608163053590385e-02
3.334289521631345066e-02 3.018422141873906839e-02
3.375855652105984317e-02 3.022589200775660512e-02
3.403298535245025125e-02 3.079711062908985567e-02
3.443848793289165655e-02 3.062588989102352222e-02
3.465208990418009588e-02 3.137167237648206403e-02
3.491302422473870071e-02 3.206198481661774735e-02
3.511158010971103527e-02 3.219287701721552236e-02
3.517481956701822704e-02 3.237862926881216602e-02
3.503782174722144815e-02 3.175993970573055825e-02
3.396223882727453930e-02 3.035047800276544083e-02
3.379623357379575588e-02 3.110939936963400682e-02
3.338384506794508932e-02 3.048967530101108839e-02
3.316359104204967545e-02 3.159713105130011052e-02
3.252694609215182192e-02 3.161784800329780348e-02
3.312856243366530534e-02 3.286264074390599782e-02
3.342679735040780808e-02 3.209624968798548833e-02
3.406160667753931753e-02 3.342254383171908150e-02
3.443308781270230934e-02 3.425223046162017421e-02
3.442513246396931154e-02 3.335186009277284896e-02
3.452985216668793406e-02 3.388605900077073380e-02
3.437377373790203444e-02 3.495796127959556465e-02
3.431797186249107429e-02 3.453079523445654747e-02
3.414026785247537693e-02 3.417351580624677226e-02
3.398387386383396047e-02 3.367043343875326944e-02
3.401703483022498753e-02 3.393461674251019994e-02
3.391118147784651787e-02 3.355180502263045011e-02
3.311293172074325497e-02 3.232764815778026157e-02
3.291516734798906330e-02 3.099773739321638050e-02
3.271441271316279792e-02 3.167800700332629171e-02
3.316433263637921097e-02 3.193408007641920093e-02
3.372801528348227940e-02 3.180872274428497848e-02
3.381679967304205420e-02 3.203069056153892702e-02
3.389829397654548632e-02 3.075580440827216724e-02
3.335028365286009377e-02 3.003818591631839813e-02
3.321775490809919518e-02 2.925411181771257058e-02
3.264428574487267254e-02 2.815539730571774493e-02
3.276432949141724893e-02 2.797244064603747471e-02
3.262838860546907194e-02 2.758454573248742686e-02
3.234972049028447816e-02 2.814566410453517645e-02
3.239264958960300089e-02 2.911129290948127890e-02
3.298026247861122334e-02 2.965363694354765378e-02
3.320222605850443182e-02 3.012311001293442592e-02
3.348982908632729821e-02 3.106690271803729322e-02
3.383989453509354123e-02 3.095069607139661061e-02
3.354190152520273444e-02 2.984060868603112884e-02
3.376831357710102788e-02 3.017580303269577421e-02
3.404449342381816318e-02 3.005605246308467107e-02
3.405854022436466400e-02 3.093512969642021188e-02
3.330856817173267342e-02 3.081470135477732894e-02
3.293520824077082743e-02 3.050400260585560061e-02
3.294793787520007566e-02 2.995735788947970560e-02
3.317561000807803251e-02 2.991598827809254652e-02
3.276774948449376335e-02 2.900514237107860993e-02
3.267760802233213996e-02 3.046443402487717181e-02
3.277618347446422525e-02 3.030449641082534618e-02
3.178012087904039107e-02 3.057924164559084126e-02
3.209264202162196572e-02 3.041273108099140643e-02
3.261643383215395708e-02 3.098911832129390767e-02
3.192366687862561309e-02 2.887409006912266402e-02
3.157091001156066973e-02 2.773597848572365021e-02
3.186080894812644976e-02 2.795753363221000279e-02
3.175993803549795325e-02 2.664906298527230585e-02
3.161283414109664069e-02 2.686752997933260917e-02
3.121548547278935395e-02 2.767204757341153523e-02
3.155031356588659797e-02 2.803388491111213909e-02
3.216409481556723599e-02 2.739970345368513208e-02
3.207054165175783622e-02 2.753528651839222408e-02
3.266018057104535383e-02 2.842183154132072245e-02
3.261261109694225252e-02 2.750110915952527421e-02
3.248909547836517642e-02 2.739655820003534387e-02
3.241253384377354441e-02 2.724259141447991223e-02
3.266603531832400903e-02 2.708940646614692999e-02
3.121946761982258636e-02 2.891028000019345637e-02
3.139972135170179118e-02 2.929012288912576090e-02
3.175163820891846456e-02 2.947457186313253569e-02
3.168909707409341137e-02 2.919537819573210166e-02
3.219353753246317895e-02 2.965215429472946307e-02
3.251367401838111543e-02 2.920578387686243588e-02
3.221480589005728395e-02 2.877990177110733433e-02
3.299433713249118327e-02 2.851797483936275440e-02
3.309385399935673572e-02 2.894907029414169053e-02
3.267880714033322143e-02 2.920524577293135207e-02
3.230444266382396373e-02 2.768000159931401083e-02
3.221580150606247195e-02 2.747667413427055949e-02
3.318775571920828255e-02 2.759404582369659117e-02
3.298109232909886973e-02 2.823470287186630873e-02
3.305281850194385918e-02 2.859103717248993176e-02
3.313269117226928101e-02 2.904092455327166380e-02
3.331666545875816565e-02 3.018905494079152096e-02
3.303660747656729513e-02 2.906371700815889997e-02
3.278245413153466070e-02 3.121214897030784655e-02
3.281593959764855795e-02 2.980743194737094440e-02
3.303335088359296567e-02 2.979486727505168200e-02
3.259664384031903117e-02 2.833819915305379675e-02
3.238339708986152227e-02 2.729966862560814084e-02
3.249512926700141857e-02 2.726380973671580638e-02
3.306888170503607255e-02 2.761544325281233697e-02
3.289265155816338548e-02 2.743725341638494561e-02
3.311965972954942355e-02 2.746175436669885672e-02
3.331533084956946056e-02 2.698231008015934684e-02
3.345998598530867951e-02 2.684515590990366185e-02
3.294922263012088626e-02 2.620216836736512234e-02
3.212223486638323550e-02 2.553148324688011769e-02
3.213823534217153527e-02 2.564880964097803959e-02
3.182513582489888970e-02 2.537007200241792049e-02
3.146337741069796246e-02 2.602531406550979975e-02
3.158269559595312803e-02 2.547952527979394088e-02
3.089546336805484850e-02 2.655428738210019110e-02
3.123290635849423208e-02 2.703463077765735217e-02
3.195671310277640315e-02 3.024445148159982111e-02
3.171664766727813611e-02 2.977802105386452569e-02
3.214698125296958781e-02 2.892186013930607077e-02
3.236308123765214290e-02 2.888894899747787570e-02
3.215075360206909316e-02 2.894347369252128765e-02
3.273082106939670388e-02 2.917556060372872989e-02
3.277601037235750719e-02 3.081474199926759194e-02
3.274013710149251827e-02 3.046510320806748023e-02
3.259979529241020108e-02 3.009809327036317567e-02
3.230420787974268293e-02 2.989434473598177877e-02
3.202681752238261542e-02 2.846663075392947412e-02
3.185409628763892498e-02 2.780819981115210254e-02
3.193873752021158391e-02 2.822013741150810121e-02
3.173267329956287047e-02 2.837333819610055735e-02
3.220590430883678301e-02 2.894046994105857473e-02
3.214903949954848322e-02 2.942578742595377411e-02
3.233458102619019003e-02 2.984514956251152484e-02
3.255557109093185075e-02 2.977568093449581288e-02
3.269248942536118197e-02 2.984605074348948769e-02
3.260579710753426508e-02 2.982896989696772957e-02
3.171654752330380078e-02 2.773252405910409460e-02
3.106813661463588352e-02 2.894638079710290524e-02
3.139442105184311188e-02 2.892129227482979903e-02
3.125485632817573411e-02 2.757840963990611585e-02
3.166610696516674456e-02 2.762595035905145158e-02
3.234289508971831262e-02 3.019614590836319432e-02
3.222252072435026482e-02 3.041903764572742239e-02
3.221637400147623481e-02 3.010903811139603939e-02
3.207220305959582879e-02 3.019717927695438064e-02
3.172801479354671328e-02 2.863639713006420687e-02
3.175051751825323093e-02 2.737008247643914899e-02
3.187744187079374208e-02 2.773452409957154197e-02
3.220775425600281433e-02 2.782317198377409762e-02
3.227965127834212661e-02 2.766655670075264181e-02
3.222114045017206163e-02 2.762496273570434757e-02
3.243888758173181508e-02 2.751242489494565291e-02
3.247496034663541198e-02 2.740376265556416016e-02
3.254213041676377871e-02 2.769925818071408002e-02
3.260976970565242217e-02 2.832389536111735301e-02
3.195461555561916051e-02 2.732373258033881855e-02
3.181193545348350027e-02 2.621046804442988751e-02
3.195014150802523434e-02 2.614437070744551200e-02
3.234017796108495241e-02 2.691567561423320598e-02
3.157183808868450903e-02 2.523038504498084991e-02
3.190326713139109149e-02 2.564507106830164057e-02
3.065820941224529569e-02 2.352112498408833602e-02
3.103436286014612383e-02 2.440176385479923132e-02
3.075186932160145839e-02 2.431029840071313730e-02
3.159389413243064021e-02 2.644879460880602412e-02
3.161495558576677550e-02 2.669558538777889664e-02
3.183693809229949656e-02 2.632090386333019866e-02
3.211445937172387188e-02 2.682762544920883410e-02
3.241446490388687901e-02 2.728622154586854420e-02
3.345367888814237273e-02 2.939880079025290055e-02
3.322431358917824623e-02 2.867772878600006320e-02
3.340806341260401519e-02 3.067459430015883823e-02
3.353217406126821759e-02 3.071562421863529430e-02
3.366200485745320797e-02 3.179822844027471729e-02
3.400719062735085840e-02 3.127487117916075837e-02
3.275335193679287937e-02 3.354564655421735792e-02
3.228857196646855998e-02 3.367960730931923719e-02
3.277358611399924793e-02 3.256758671899409596e-02
3.248756781647815783e-02 3.336632025051743805e-02
3.132386415553867903e-02 3.450784272661156643e-02
3.213035538937820262e-02 3.339978488242186655e-02
3.147764173011706468e-02 3.377942892437982292e-02
3.124642509294426815e-02 3.235643329803649521e-02
3.104515955392368048e-02 3.353327527921478451e-02
3.109215448994036290e-02 3.375359188523821552e-02
3.129780051948355402e-02 3.324269604269890210e-02
3.173457041190363287e-02 3.314228824426804915e-02
3.168215273221171996e-02 3.266182461596922604e-02
3.201127279961098193e-02 3.181234113592377316e-02
3.199246838149766292e-02 3.174071797505349790e-02
3.177107077976595167e-02 3.186657595086488104e-02
3.198810468298984161e-02 3.304461250387380478e-02
3.201450698701566178e-02 3.254498537024191201e-02
3.235416229086179873e-02 3.147743550062585133e-02
3.212367671920660084e-02 3.320247363493893794e-02
3.227876352967890689e-02 3.170429231709617074e-02
3.236552855479890578e-02 3.104628740797605799e-02
3.252000779524420043e-02 3.020554116375969225e-02
3.261779923815946725e-02 3.185783404951297859e-02
3.260516416312715660e-02 3.157082175893824449e-02
3.325522743568148920e-02 3.228584534854901655e-02
3.282020389737316107e-02 3.037632006212942493e-02
3.222642773899110635e-02 2.885086146501886564e-02
3.174780494348267146e-02 2.812523090569535311e-02
3.200296836894035019e-02 2.804092829130245407e-02
3.194879629261944409e-02 2.723614279646272354e-02
3.244252337469297198e-02 2.748690762663275056e-02
3.192907013699401025e-02 2.590695307199750858e-02
3.135413525401119228e-02 2.569173156256174262e-02
3.151688775712035984e-02 2.570306528326161966e-02
2.990578508873990154e-02 2.919232409445643786e-02
3.008642654757211904e-02 2.845949920281548237e-02
3.054348865107354288e-02 2.825753677148477166e-02
3.067927577544199771e-02 2.714610948654587116e-02
3.248954910640895755e-02 2.959373731932816304e-02
3.309106649833044173e-02 2.945568152896701694e-02
3.353297291877301717e-02 2.872116194507084649e-02
3.408885159283564503e-02 2.978062234301635455e-02
3.415287907243756693e-02 3.081210355183396782e-02
3.374688313269752493e-02 2.921344739353330666e-02
3.307961599240740597e-02 2.752646034673334255e-02
3.477165439316666495e-02 2.839182477025973747e-02
3.294289409529634061e-02 3.023694149542857298e-02
3.296623194788519950e-02 2.970628073859782337e-02
3.350313861542301291e-02 2.954325965421664840e-02
3.375577738776123354e-02 2.918981363960195322e-02
3.413150965429367217e-02 2.874232784031140533e-02
3.466133297395614793e-02 2.826130645801057731e-02
3.430800218873088919e-02 2.807782524487987402e-02
3.334394747384598900e-02 2.652725707372335928e-02
3.311484637105641810e-02 2.618775949560679661e-02
3.365392595773394890e-02 3.275884399973587324e-02
3.437526445307484413e-02 3.197339995145054292e-02
3.461651483329195034e-02 3.119193787677494722e-02
3.472505188086641437e-02 3.084259706221784483e-02
3.462777664667029270e-02 3.052942468019007038e-02
3.560615905896898775e-02 3.228746766075912128e-02
3.556847970539721987e-02 3.314648158590749460e-02
3.512600611420756136e-02 3.162016627890277404e-02
3.517328107936268378e-02 3.072508932874135068e-02
3.475214621543985111e-02 2.917765488623283790e-02
3.409890907454554698e-02 2.813403417642181339e-02
3.382499101723773077e-02 2.736762607821530829e-02
3.412408451180278662e-02 2.754006075930891251e-02
3.468799573372106926e-02 3.117656606068940420e-02
3.435880331884887812e-02 3.141420609653301776e-02
3.391099204899224173e-02 3.016431939326465195e-02
3.336227963440739630e-02 2.977135269016609534e-02
3.482895746267401782e-02 3.288363337450584539e-02
3.592443185729462390e-02 3.507349345234332672e-02
3.567624731492187451e-02 3.424742784271941204e-02
3.524545924112208045e-02 3.405604155781120218e-02
3.505480809349315746e-02 3.252304392717407511e-02
3.498448053420175063e-02 3.199612766945277714e-02
3.473566308035256484e-02 3.057084793336905387e-02
3.453673042631150852e-02 3.077427345417656571e-02
3.409718144298828912e-02 3.079821033151471793e-02
3.367110418048754883e-02 2.998672454894364681e-02
3.363905857823670797e-02 3.064357774295433171e-02
3.318643136877531818e-02 3.061937868321456396e-02
3.342368441115200345e-02 2.988881961553716687e-02
3.402647386838434512e-02 3.061233878027527083e-02
3.383426722266105746e-02 3.076865942148342484e-02
3.367008194566942225e-02 3.127453220204291784e-02
3.389967297350641312e-02 3.147412034274808118e-02
3.425722485304476261e-02 3.188269772607342512e-02
3.430793787241216697e-02 3.186752053287876529e-02
3.449673141905874874e-02 3.158257678518109485e-02
3.452573645692733756e-02 3.184920410627082449e-02
3.549071761681536763e-02 3.153672011147614501e-02
3.557292942930170843e-02 3.213498982519952946e-02
3.544409897150697236e-02 3.214753377541654938e-02
3.481682675978570868e-02 3.146700471705315277e-02
3.472110894660160318e-02 3.146055172583574200e-02
3.457669926783133590e-02 3.137411473334379697e-02
3.462486185803276967e-02 3.138089546444947781e-02
3.436223503989428718e-02 3.146987344121232599e-02
3.458824621228969581e-02 3.056788695799290967e-02
3.464144368770456783e-02 3.056524379198813715e-02
3.467657590409710389e-02 3.079010106277051129e-02
3.464972972436556470e-02 3.115888373009137458e-02
3.451449591541102396e-02 3.102687514345636027e-02
3.437457508848457827e-02 2.995774416314416974e-02
3.447238590705527933e-02 2.967062220044794363e-02
3.435129247734821506e-02 2.982201274750705816e-02
3.407745573620829527e-02 2.941195516291641998e-02
3.421713100733036333e-02 2.929267695554637480e-02
3.395056432417570963e-02 2.792162766863473533e-02
3.356464638689062030e-02 2.840495530137349817e-02
3.344760769494281583e-02 2.834744466686665160e-02
3.314972539556657050e-02 2.804019498106252034e-02
3.333476614166609037e-02 2.860727063193716641e-02
3.276489546750735449e-02 2.760857751671041971e-02
3.248945843537003053e-02 2.813030128603293684e-02
3.242387291320786291e-02 2.839172627099917703e-02
3.252333861957716621e-02 2.920673435422735387e-02
3.260188336702807971e-02 2.955925466068969401e-02
3.260710106701733557e-02 3.043966920898579648e-02
3.279694359707447521e-02 3.059663110926427038e-02
3.284527649017045248e-02 3.099554965538438983e-02
3.324009003211216007e-02 3.087671596669579188e-02
3.334545247136092017e-02 3.077386370499579638e-02
3.331471785741180885e-02 3.170629182145993930e-02
3.318595928437870213e-02 3.115009173857903949e-02
3.486736335594083080e-02 3.163766217917288875e-02
3.528304139376327309e-02 3.221557435744048375e-02
3.471413099064826757e-02 3.115777010112270179e-02
3.501413493923563602e-02 3.134410802185999545e-02
3.502399981287332431e-02 3.142113583968257629e-02
3.465547189275793027e-02 3.087998322125585365e-02
3.421797072510198573e-02 2.981699144203786220e-02
3.400441870483632972e-02 2.989722241349505177e-02
3.402891625968459260e-02 3.007391322621819768e-02
3.369612509249532428e-02 3.088378757743256986e-02
3.379356796793945433e-02 3.025935950173345296e-02
3.376674374468443401e-02 3.039886579528788824e-02
3.343315820132893024e-02 2.886170020417073295e-02
3.280945341827885137e-02 2.800275240253331799e-02
3.342519407711579127e-02 2.769633107241317033e-02
3.286726472543242961e-02 2.782932316184900945e-02
3.314738655721871652e-02 2.783362910898400100e-02
3.307213954119477689e-02 2.716375067427951803e-02
3.302992153828859107e-02 2.640123503721845608e-02
3.288433576009800602e-02 2.646474179398760826e-02
3.333701803135154934e-02 2.715825010090967481e-02
3.327221540218027601e-02 2.909244484682656923e-02
3.322041616240379441e-02 2.857211461245055470e-02
3.342207725388078587e-02 2.949769153762761206e-02
3.274207433177721283e-02 2.991845960127840348e-02
3.217116903995657917e-02 2.930083814584915139e-02
3.205643541266690877e-02 2.914870328063678268e-02
3.204930500768404106e-02 2.827410407092093361e-02
3.219973283148659660e-02 2.727239664235008021e-02
3.289238321059983344e-02 2.743564763894519934e-02
3.299311262332791511e-02 2.834972411962521921e-02
3.227402645400508086e-02 3.114847084208609979e-02
3.282477202839699515e-02 3.189605166891786719e-02
3.268983428337098041e-02 3.189188417720151963e-02
3.325361800973680032e-02 3.241906157000157274e-02
3.398527277248676592e-02 3.278652359038531500e-02
3.419420325266177979e-02 3.315472932860080019e-02
3.370645171390920097e-02 3.323079994526524639e-02
3.306282997639794358e-02 3.283896567822844337e-02
3.311013170532790817e-02 3.245112644283633385e-02
3.307537445301957785e-02 3.207889932430320334e-02
3.307198921088987109e-02 3.245982282990846068e-02
3.305252487417510709e-02 3.217330122203961029e-02
3.321107338248141527e-02 3.242343391977223904e-02
3.364447900598377394e-02 3.721786677551932460e-02
3.367308574623971429e-02 3.640462277609420039e-02
3.418487793322009388e-02 3.757121796092756372e-02
3.452352837541460689e-02 3.680503802004571334e-02
3.354316173285357139e-02 3.408090535836154344e-02
3.342614129598207168e-02 3.441634911948249220e-02
3.288760682747327024e-02 3.323694945673569268e-02
3.186100444221343780e-02 3.389468650868510818e-02
3.214497496503573859e-02 3.284871346616371340e-02
3.164322228684851579e-02 3.195070607951448066e-02
3.032444838245565780e-02 3.213019030406395748e-02
2.995642305560330607e-02 3.185919351445229419e-02
3.106503723659104904e-02 3.497526988564699651e-02
3.124420908715572209e-02 3.440698223187012988e-02
3.255194607146203595e-02 3.773881592148999736e-02
3.232222621048098932e-02 3.607085953788410210e-02
3.409000358943289205e-02 3.922150511182448396e-02
3.468141893544379045e-02 4.009845266709909095e-02
3.465051690169009685e-02 3.934715691512049446e-02
3.428393689704253844e-02 3.862467378343593938e-02
3.319049180300887719e-02 4.053646943388473922e-02
3.205696926546366954e-02 4.051657494405564580e-02
3.101930078687345493e-02 4.033129510583571831e-02
2.957614283073357886e-02 4.148106557032624209e-02
2.977462766059756072e-02 4.107334837365064772e-02
3.011312829016609197e-02 4.322593977297220502e-02
2.890075354815216033e-02 3.977700834558858811e-02
2.785680348484716184e-02 3.969993893129911133e-02
2.778906773092002305e-02 4.047983165535455619e-02
2.697465100530353072e-02 3.940968839830002318e-02
2.753212539846170565e-02 3.763251876998847251e-02
2.838249892623398440e-02 3.815050789803216269e-02
2.925759628231122678e-02 3.799300144691861170e-02
3.063185833608496680e-02 4.168308053233234223e-02
3.105797385057589705e-02 4.112501926019550280e-02
3.141485204087982736e-02 4.338658170996258917e-02
3.175562426369794161e-02 4.251058851498271118e-02
3.197252532411586079e-02 4.257689548075887370e-02
3.108742460970079918e-02 3.944412439299897072e-02
3.132594155295442134e-02 3.791603634370347559e-02
3.195886574707726413e-02 3.699928475709259729e-02
3.147497378432465714e-02 3.535847615422942763e-02
3.127996117156196104e-02 3.435296143290714893e-02
3.153513905322799515e-02 3.405606770438697473e-02
3.164696223685763143e-02 3.396673025989202510e-02
3.144490279314995917e-02 3.442384075794552301e-02
3.162529401545611379e-02 3.409957501430763149e-02
3.120059046030599498e-02 3.378906941525351704e-02
3.164235360089834304e-02 3.341775590332677487e-02
3.168367645409141814e-02 3.235867395762191678e-02
3.189414888303464951e-02 3.302807943313225414e-02
3.166478170381308715e-02 3.138787754928473034e-02
3.202942956464056856e-02 3.136747302755255734e-02
3.248066405262323847e-02 3.151860165772505523e-02
3.423259764736091837e-02 3.496622516562880589e-02
3.429232766225061291e-02 3.401982145576266242e-02
3.409661459768606462e-02 3.234786456829642082e-02
3.400130198477524512e-02 3.240993484165142352e-02
3.366911386462796696e-02 3.072692422069296658e-02
3.379420895807839359e-02 3.072344756755821665e-02
3.413311554677712217e-02 3.177421163513578090e-02
3.399749429965255587e-02 3.173687936991277658e-02
3.347095802097128231e-02 3.184393628751981675e-02
3.305711626598326069e-02 3.114331063731830274e-02
3.270643643592030525e-02 2.964912481932285501e-02
3.210420140151004631e-02 3.141980063990126859e-02
3.126093038537064439e-02 2.962503544486830287e-02
3.142089857810721060e-02 3.003026149652794977e-02
3.153280544615474912e-02 2.995019485284127272e-02
3.139470131468863334e-02 2.845462909297098372e-02
3.116643035542377566e-02 2.707412606601879157e-02
3.133835830742214695e-02 2.686313547203756161e-02
3.000119435229975026e-02 2.527709121798183203e-02
2.938077143178273454e-02 2.636080859253175229e-02
2.955964362423525379e-02 2.781580674533333519e-02
2.965966886635030761e-02 2.797703036822840605e-02
2.991858565026023209e-02 2.753335685830514065e-02
2.995705597409547769e-02 2.731329944189977293e-02
2.993020297557680287e-02 2.625789266577415945e-02
3.014620147031764688e-02 2.668211436094510697e-02
2.993501659612073790e-02 2.735861281719810523e-02
2.994603765631732167e-02 2.675695355380085932e-02
2.912663341514313067e-02 2.759499977817742034e-02
2.969106128569941327e-02 2.810813054760029350e-02
2.997821142399786920e-02 2.842056152360297391e-02
3.018099990733829480e-02 2.781781910110332767e-02
3.045969300683506673e-02 2.793998166804349814e-02
3.206061220658878996e-02 2.833885393359699204e-02
3.225927247722270436e-02 2.822712527956462367e-02
3.243151248468580106e-02 2.834303656188713605e-02
3.251791460704157866e-02 2.843883842523257932e-02
3.271920307185127719e-02 2.866474075461001442e-02
3.302561403710994187e-02 2.892079547039757420e-02
3.343204162452392825e-02 3.136053703015653782e-02
3.319456102077746051e-02 3.107542426804557611e-02
3.457695714037664625e-02 3.189505574777168340e-02
3.411196218324127200e-02 3.206690038338178700e-02
3.426501465295408305e-02 3.206082627738244401e-02
3.481497962493879800e-02 3.187948083407363131e-02
3.493121884249407449e-02 3.183023489998025590e-02
3.452315916902845561e-02 3.070551327814717915e-02
3.447302213949410971e-02 3.092047503392025137e-02
3.397107899726897751e-02 2.996982717543633309e-02
3.371710600063925617e-02 2.857784340610000293e-02
3.370248843203122596e-02 2.839330686384231028e-02
3.371672134463961357e-02 2.852692909702025936e-02
3.393086644079008202e-02 2.866909386151727038e-02
3.421763005859865953e-02 3.011710490678754307e-02
3.433934513094630270e-02 3.028270281902643510e-02
3.396155743360885354e-02 3.008878950563557975e-02
3.367737545370071833e-02 2.863818912696424607e-02
3.380963694986720974e-02 2.869237371509730447e-02
3.397447941492308388e-02 2.890567284320266078e-02
3.387485740625395536e-02 2.855286361415279583e-02
3.385449027069175471e-02 2.825405540499758422e-02
3.397635173578267970e-02 2.849593203906512426e-02
3.414005902257583047e-02 2.887147386083618872e-02
3.424831475565556782e-02 2.916087609721943266e-02
3.416527360020119725e-02 2.906129209253639073e-02
3.403812713619109448e-02 2.917949055903006073e-02
3.355949961480650390e-02 2.825173845511607870e-02
3.377659534783056250e-02 2.876284878726891037e-02
3.370092299550358356e-02 2.868767694164283191e-02
3.369510639140878283e-02 2.877940573414454820e-02
3.382494497048402216e-02 2.891720365767249529e-02
3.378304541183514004e-02 2.878799572204586432e-02
3.404660952152562675e-02 2.967380964971735868e-02
3.421697973310289242e-02 2.940129124103435868e-02
3.402358774107993450e-02 2.897386170106056730e-02
3.382610929151433354e-02 2.877661570911748193e-02
3.406944526110165100e-02 2.950264948450364438e-02
3.390045277488910186e-02 2.933875497833511939e-02
3.407347147456517289e-02 2.956941548509538567e-02
3.404163764090845784e-02 2.931853712898629255e-02
3.418544059602605240e-02 3.009526820456692037e-02
3.426023467551895380e-02 3.121081461628476966e-02
3.391464364878777477e-02 3.167393817258479238e-02
3.401451292543002103e-02 3.140112909990144113e-02
3.428116895303640055e-02 3.120252348433901618e-02
3.412064802040187111e-02 3.092847259488502171e-02
3.450531512988030958e-02 3.069702972746605335e-02
3.426346015614576551e-02 3.047867899785605683e-02
3.430748196200673894e-02 3.103148059006555215e-02
3.482918456591895667e-02 3.124135525547827932e-02
3.456477958150472318e-02 3.097859652045707041e-02
3.456994942409060551e-02 3.073639175113201255e-02
3.500336949439139533e-02 3.218394953129366520e-02
3.544863406061430494e-02 3.166135894864078454e-02
3.538742066921152923e-02 3.115955390478042375e-02
3.517030010362149489e-02 3.106453997997414909e-02
3.474604835707274103e-02 3.136099794508075134e-02
3.456715634826672268e-02 3.091596980319590016e-02
3.463528107880692319e-02 3.086276736396564163e-02
3.504884778102589776e-02 3.057022186227449992e-02
3.488363986361543712e-02 3.044961860493438158e-02
3.506212212497639147e-02 3.099002160546176707e-02
3.544086172913520766e-02 3.112391106024547244e-02
3.573237009117835594e-02 3.127213030515890724e-02
3.535795233661349901e-02 3.313073736646296452e-02
3.524980185200046745e-02 3.302726203166934937e-02
3.527768610201286598e-02 3.311428348786466663e-02
3.539760077508755098e-02 3.356977232531724309e-02
3.560868577027152815e-02 3.373027995328021361e-02
3.551130518084318066e-02 3.325290384979431163e-02
3.522689873267204758e-02 3.245960128193931676e-02
3.549408939231217530e-02 3.188553269453175271e-02
3.510299591958128407e-02 3.147892710742879185e-02
3.523916308295552136e-02 3.161685884239880812e-02
3.546151400562900374e-02 3.215981725826697751e-02
3.530049544788298882e-02 3.249071804614982878e-02
3.457524716250983537e-02 3.238488861828529158e-02
3.518837324700843650e-02 3.342717511678117842e-02
3.555281802334652602e-02 3.376649515449032385e-02
3.558922918330884033e-02 3.432429325146444526e-02
3.548119985236238699e-02 3.391751942707423029e-02
3.622309684052259920e-02 3.394387294896743928e-02
3.614614656190631714e-02 3.351724163564319403e-02
3.562061836580854290e-02 3.290865869050333542e-02
3.555809428529993488e-02 3.298795042395060578e-02
3.596300425728125860e-02 3.384794693272849542e-02
3.608220172926547564e-02 3.372235908646241398e-02
3.618659499174568805e-02 3.411114138670004459e-02
3.657991873912458392e-02 3.493268669067762372e-02
3.722526523952589955e-02 3.502539586570818653e-02
3.721147314054407129e-02 3.465639143683989926e-02
3.737873096046893245e-02 3.440927092433955503e-02
3.778200628369700331e-02 3.500308201040749911e-02
3.836594041864621607e-02 3.711956956829820520e-02
3.870674172071657954e-02 3.844892764281432340e-02
3.849487376096086266e-02 3.680912570131798789e-02
3.824043232326508612e-02 3.675805410519216582e-02
3.834116033855102662e-02 3.656481121802888923e-02
3.802540028388201598e-02 3.625868134058530395e-02
3.790703580434370140e-02 3.620369851876069356e-02
3.764283513787215762e-02 3.581872577852546202e-02
3.735858695985752598e-02 3.558031370552101197e-02
3.688633403504087277e-02 3.523380250334590819e-02
3.717459024401363610e-02 3.574247955893359446e-02
3.755314583480981461e-02 3.581551955154257949e-02
3.771243950862186028e-02 3.460889474399161253e-02
3.894119555775966968e-02 3.614740542106604365e-02
3.831992222629747313e-02 3.460899276516800349e-02
3.717269322845941082e-02 3.391058374387889707e-02
3.733921389847599803e-02 3.390921256240252840e-02
3.723859979313114132e-02 3.403621082483206106e-02
3.757648854059524035e-02 3.425003331207895213e-02
3.881883968653572492e-02 3.562045653625068448e-02
3.855302207584988122e-02 3.417909467916092209e-02
3.842022233503438605e-02 3.328262359283981620e-02
3.818497620887383731e-02 3.244256157509214228e-02
3.742527832747988281e-02 3.425133207815239667e-02
3.639471399015199726e-02 3.294300771646436338e-02
3.775524259113680059e-02 3.358990331338745222e-02
3.684322512844528941e-02 3.344346150925903149e-02
3.664745201790664542e-02 3.258528717212356984e-02
3.643385038950406468e-02 3.346678449367529451e-02
3.664630233327541287e-02 3.340977054105487981e-02
3.675997708507167810e-02 3.313682847459372555e-02
3.615445374131959211e-02 3.222817033178455165e-02
3.629481115216640075e-02 3.194472114559500364e-02
3.608662591863786434e-02 3.164440774578756305e-02
3.610064934594010844e-02 3.198816327528365699e-02
3.603808076890813172e-02 3.149982351896662980e-02
3.522234423748373672e-02 3.450810202759331535e-02
3.460718031160197466e-02 3.498686889556180263e-02
3.447966495921685193e-02 3.619118083004523034e-02
3.430174841930172525e-02 3.588264276012807091e-02
3.434254535031817934e-02 3.562558044867157603e-02
3.429776549822323439e-02 3.479218524910600990e-02
3.413505768096020826e-02 3.391142831451850886e-02
3.453954091991077308e-02 3.395456325016419502e-02
3.453771111024046131e-02 3.373072207383141785e-02
3.516920859219333645e-02 3.450636828213846791e-02
3.516798187456912639e-02 3.422332735176038948e-02
3.510603041225986848e-02 3.344978475076460650e-02
3.479419272174466560e-02 3.289138499073750860e-02
3.536116983770060812e-02 3.275609872846983739e-02
3.515435958397741811e-02 3.305127161880929559e-02
3.441360017023499529e-02 3.192622527748056882e-02
3.371272501259136439e-02 2.987579772819023635e-02
3.458786289412911497e-02 3.083685928423925485e-02
3.455177058207405116e-02 3.034919638206513837e-02
3.465761822674386095e-02 3.064001077532071959e-02
3.416333459250068399e-02 2.936645593110793692e-02
3.425013083090236443e-02 2.936781280037192160e-02
3.269151389815991987e-02 2.670031419461773095e-02
3.279748303290395961e-02 2.755795410682059660e-02
3.258768825956309678e-02 2.785374970770490566e-02
3.148845339742411403e-02 2.597063352582337434e-02
3.155102333525514058e-02 2.612032591421440883e-02
3.072366653232544431e-02 2.721285484621218526e-02
3.044834410985816642e-02 2.601719639460755434e-02
3.091374019606573167e-02 2.656674855342375935e-02
3.108550942593848662e-02 2.724643065793912189e-02
3.053725271248379849e-02 2.555728601702711086e-02
3.110155678881691699e-02 2.666065674443893543e-02
3.162679978770206735e-02 2.644492872257657098e-02
3.335062984534583469e-02 2.969694937722977893e-02
3.283088956084421334e-02 2.850203596177685456e-02
3.367684983366119045e-02 2.933896661057053962e-02
3.411589188595255673e-02 2.995400088547107986e-02
3.380471438067998019e-02 3.189612341465677958e-02
3.405651453763325343e-02 3.177102295790666664e-02
3.410264902016037214e-02 3.155834450500472066e-02
3.434226350327886784e-02 3.195379916186972397e-02
3.476100471528361519e-02 3.226596257543419555e-02
3.473745149904938073e-02 3.210744694955322553e-02
3.471496527681038752e-02 3.171422577578571905e-02
3.484113791796451115e-02 3.140903309183439712e-02
3.447064472596540752e-02 3.113214716658519593e-02
3.445291471992693866e-02 3.102018394358155295e-02
3.524486983849913629e-02 3.217658189332723434e-02
3.491950854050419883e-02 3.317253564267374361e-02
3.501112386296342111e-02 3.335953814215102814e-02
3.521025782079881955e-02 3.366609177810854503e-02
3.668923203871893302e-02 3.395679776757622170e-02
3.656545006292150762e-02 3.422218552937252023e-02
3.648669888050280752e-02 3.289154600307536008e-02
3.606447987512033382e-02 3.229004682328393688e-02
3.745803188760830904e-02 3.906104214095554306e-02
3.719542451458381777e-02 3.790098444250143001e-02
3.758187629251442258e-02 3.958455836684176415e-02
3.868205611950770173e-02 3.936823551389966730e-02
3.777622293547466814e-02 3.972767712021486874e-02
3.765665873260306412e-02 3.876441028974149383e-02
3.889099285934276284e-02 4.488796926076734500e-02
3.866715761958298275e-02 4.426046053700155580e-02
3.831971027592453310e-02 4.294820326007266209e-02
3.835574428501383609e-02 4.267961156640198012e-02
3.726624854670582826e-02 4.346683039448082791e-02
3.633655588996759223e-02 4.267632774345063440e-02
3.533891119992515345e-02 4.169760088016118138e-02
3.613669070281463197e-02 4.752784079214506657e-02
3.612391908337860003e-02 4.711540276505793434e-02
3.601224205478350399e-02 4.528050748961828104e-02
3.593279224001545008e-02 4.368394033151486167e-02
3.582995126214367360e-02 4.234739409335377958e-02
3.592132430163750417e-02 4.162316764041056744e-02
3.577586817094505212e-02 4.063970536499900837e-02
3.572849456794523898e-02 4.000212495867055268e-02
3.526903135860449262e-02 3.966777025729870815e-02
3.450935737963739536e-02 3.937744686262052013e-02
3.438393312010250280e-02 3.856530717115287665e-02
3.387408991624846905e-02 3.804423976579020955e-02
3.382897133000901946e-02 3.774567802700916352e-02
3.397824165481617281e-02 3.719667453185756395e-02
3.401168480879643297e-02 3.671788612022781201e-02
3.278073107295953470e-02 3.712643316176673924e-02
3.280716842927461352e-02 3.662392240687783324e-02
3.295318389239187268e-02 4.296153016619005255e-02
3.279150768967876994e-02 4.211859647807883467e-02
3.280275993443555749e-02 4.104408377043262252e-02
3.198076395156670276e-02 4.067732915698864249e-02
3.220437347239628323e-02 4.040531217941004116e-02
3.236888967973128306e-02 3.967563166588161661e-02
3.214131447637946781e-02 3.937851350270511752e-02
3.236766676445042290e-02 3.887806625723624204e-02
3.266178133705555792e-02 3.845725996712694161e-02
3.266596196434962823e-02 3.772489230193219745e-02
3.279963832407272600e-02 3.748968026259103664e-02
3.299364426382214721e-02 3.686371904191505094e-02
3.439118603612516256e-02 4.317734713772354571e-02
3.349153215183219706e-02 4.156307476378419408e-02
3.505436082807238118e-02 4.315892512171725509e-02
3.425940394389075105e-02 4.028800381816555892e-02
3.433301850500045105e-02 4.023698534758067547e-02
3.106628094523051359e-02 3.567201066751090471e-02
2.975790493182726287e-02 3.625308940132631469e-02
2.962316481339867524e-02 3.633505724628098565e-02
2.841619474441501453e-02 3.670120554513360556e-02
2.840308450719654723e-02 3.722803332431796203e-02
2.867738297129874062e-02 3.701791998268787881e-02
2.875344083026449074e-02 3.612566801196886307e-02
2.871358891393670232e-02 3.502705133508524776e-02
2.837647466847113137e-02 3.594421674777803499e-02
2.890676584183488745e-02 3.596197466997681780e-02
2.817334842613527027e-02 3.396964349905325087e-02
2.826362592256546555e-02 3.411479503722118778e-02
2.786149708269087394e-02 3.248904345340087457e-02
2.944403078340135371e-02 3.214004345337218016e-02
2.989880103265674799e-02 3.177857812471758525e-02
3.190892092939107139e-02 3.255809938783869872e-02
3.371802883645196730e-02 3.930228944905483218e-02
3.382318282329579290e-02 3.900034036340380844e-02
3.489979402522805363e-02 4.104872460102874931e-02
3.272902585995868946e-02 4.032544253500004033e-02
3.265108581391240605e-02 4.085649980508326146e-02
3.255242237305445985e-02 4.066321859519823889e-02
3.214512524530346860e-02 3.897982196515246273e-02
3.283712025641323529e-02 3.892129232943816741e-02
3.286577509282161830e-02 4.479497669685356120e-02
3.296710472930700075e-02 4.429187783030853059e-02
3.324719005748179301e-02 4.451848502856359246e-02
3.223829807417051552e-02 4.561807823646903126e-02
3.093584801720468749e-02 4.278163067241796264e-02
3.069885070567007768e-02 4.146563189514061026e-02
3.039590162833957776e-02 4.039145425951209956e-02
3.035160956805553478e-02 3.902550459098932251e-02
2.957354252547265624e-02 3.956123204354190792e-02
2.795279507582473094e-02 4.137627573273516823e-02
2.821842021657348931e-02 3.976021825476711014e-02
2.795513589329038512e-02 3.742330455638625403e-02
2.680676898671403505e-02 3.644828882567922868e-02
2.553098185988001215e-02 3.836453715558814370e-02
2.657979778596993373e-02 3.881756229592036450e-02
2.452873457702374471e-02 4.130018153801327807e-02
2.513152605723494373e-02 3.992511539432654077e-02
2.718979699773936554e-02 4.052185509375077349e-02
2.688076733210139485e-02 3.912580836611002921e-02
2.750358895820064625e-02 3.891581922357411488e-02
2.715837009187966819e-02 3.728205408335521359e-02
2.711426226735154724e-02 3.598888211859371106e-02
2.825909769730169246e-02 3.546323232892657773e-02
2.967652973995361931e-02 3.460477156284485351e-02
3.117466336498567886e-02 3.599385955710471263e-02
3.180401352513288760e-02 3.577454505729925349e-02
3.334198689732982557e-02 3.605146952175108943e-02
3.457958330104639322e-02 3.718886821242407825e-02
3.612086076414328106e-02 3.752371602630889813e-02
3.654344126186610114e-02 3.786945646908602275e-02
3.712568121025316276e-02 3.764098613822829814e-02
3.764098517778285274e-02 3.724079935741680947e-02
3.649913510302708192e-02 3.696895285903215728e-02
3.679513842872985524e-02 3.618241015895705404e-02
3.676269766707975645e-02 3.748451009328669647e-02
3.678148531889999240e-02 3.651264669453936629e-02
3.685552609432583143e-02 3.612017389521560151e-02
3.754324047399091452e-02 4.250200775368829370e-02
3.878891642659182404e-02 4.825180697831946836e-02
3.952478589004486398e-02 4.661519040139269765e-02
3.953658459124433089e-02 4.573234915212790602e-02
3.924637646102163008e-02 4.423071815407647600e-02
3.777580595266880059e-02 4.112460205416403752e-02
3.637918331880696243e-02 4.132594635403142452e-02
3.651637427176234602e-02 4.135956340539079235e-02
3.416624795451266017e-02 4.257726215826287269e-02
3.305827754879091945e-02 3.982561245560854030e-02
3.111786341200141123e-02 4.089632558917838390e-02
2.954756228841676213e-02 4.177770436019290212e-02
3.033202007667883116e-02 4.636277270669011963e-02
2.998311595162751059e-02 4.395537551675122306e-02
2.832800687190270908e-02 4.451146324777646018e-02
2.803481047959076669e-02 4.407856618290628692e-02
2.787005148512241778e-02 4.321616836723934235e-02
2.820837234174676175e-02 4.163234678510212977e-02
2.728364038906884795e-02 3.900198767133192940e-02
2.813359907130637272e-02 3.871920836679326045e-02
2.856971534099928683e-02 3.797781724776736617e-02
2.865673135502898317e-02 3.752963168151088325e-02
2.936577724301210612e-02 3.683219841049103355e-02
2.985619793425658974e-02 3.644184212983308385e-02
3.088029418434089235e-02 3.565193260346982002e-02
3.107886435525897273e-02 3.415633691089310642e-02
3.168996411630380095e-02 3.490325831048838451e-02
3.202937533318235552e-02 3.512787460792824584e-02
3.236493047128405354e-02 3.462769772801166379e-02
3.382725328899124223e-02 3.434991746804061385e-02
3.385457321208568127e-02 3.379815829189637688e-02
3.403766841560663947e-02 3.414516951604543854e-02
3.420352046078606323e-02 3.473772797358685993e-02
3.578316841470745996e-02 3.771209947040773253e-02
3.586230442278028063e-02 3.746835334816724788e-02
3.727607398050225562e-02 3.737048585737546419e-02
3.727840051799519161e-02 3.668966365706974320e-02
3.799115414442310462e-02 3.767702907272751228e-02
3.919140728107251004e-02 3.735117964824519882e-02
3.886887900050815109e-02 3.672497527775254317e-02
3.893457557501567301e-02 3.600294456940837662e-02
3.831286766443001840e-02 3.492265646501176851e-02
3.773778819606801033e-02 3.479011086244936796e-02
3.741564522054796615e-02 3.461773272189935108e-02
3.679961153144042235e-02 3.382995322449577208e-02
3.633523685487403954e-02 3.366699675292551819e-02
3.497558738760114805e-02 3.207416738494894837e-02
3.504017812711495566e-02 3.203364556361231602e-02
3.495779776363079627e-02 3.162701994876873646e-02
3.556472045658280734e-02 3.252328916654061153e-02
3.406582236249036666e-02 3.361126104735026598e-02
3.338859720301076695e-02 3.311919355223624101e-02
3.243183492314642008e-02 3.096136202608221200e-02
3.260026631158437910e-02 3.037928950600018302e-02
3.282702305156792039e-02 3.076211014639867319e-02
3.198440648659140600e-02 2.921102537378143099e-02
3.187262582692813873e-02 2.920885455526715802e-02
3.211072810874875116e-02 2.983400395101872341e-02
3.220282545405788593e-02 2.955939234476969921e-02
3.224462567926646150e-02 2.960002239092875131e-02
3.281302093064045883e-02 2.982437782106593313e-02
3.308000199031169847e-02 3.033576512003753611e-02
3.348597518711597665e-02 3.044333492941233774e-02
3.409443768227855831e-02 3.223758181643843201e-02
3.400310650163232418e-02 3.197383649640866965e-02
3.427928637554538555e-02 3.212462580328234035e-02
3.476795114345994364e-02 3.204800461664517042e-02
3.520577477789811616e-02 3.239000705078375758e-02
3.575371785834195043e-02 3.312369269132151017e-02
3.717834607250775081e-02 3.336806698452195186e-02
3.702877187717139307e-02 3.292809626877266777e-02
3.785211536865447368e-02 3.301773371884562935e-02
3.824552681244229591e-02 3.362818410857236484e-02
3.905336526245265644e-02 4.020142860982434119e-02
3.994027034754400740e-02 4.508611156152621952e-02
4.077622549215716152e-02 5.027529838495840148e-02
4.099832826927343743e-02 4.924034734821602921e-02
4.069492272554665890e-02 4.775271413204067866e-02
4.095459128826615253e-02 4.840366426684675899e-02
4.080549234310660439e-02 4.702192621884914575e-02
4.084749482952051286e-02 4.525590029967610506e-02
4.020171895827397840e-02 4.354350883779457143e-02
3.983438789937040342e-02 4.279130830296580534e-02
3.986737968007687122e-02 4.257389614720685778e-02
3.925976169283527245e-02 4.123214463160670973e-02
3.923481424387411515e-02 4.025180099445031801e-02
3.881188702552532122e-02 3.946850929102685424e-02
3.826962062521550856e-02 3.917435437898486583e-02
3.815766038168679625e-02 3.864307185876213885e-02
3.809333865433605498e-02 3.811498566607560146e-02
3.843946149591895289e-02 3.776385206828448970e-02
3.830733729232219803e-02 3.768634042743487095e-02
3.722836652607308672e-02 3.608672699805774015e-02
3.706731665164177125e-02 3.574278893011179070e-02
3.765297305566706054e-02 3.594915504727929506e-02
3.653646000320163317e-02 3.612209686078084181e-02
3.617394204579713057e-02 3.543405180771183605e-02
3.629555411788160102e-02 3.481950622275785390e-02
3.702056094585552681e-02 3.461857274186364020e-02
3.700652714889373501e-02 3.413884559436364263e-02
3.700247902851971915e-02 3.423083768180025521e-02
3.691285671172620658e-02 3.418392930984046063e-02
3.592476880870297540e-02 3.426219175710661785e-02
3.608434926234562606e-02 4.083597258139595731e-02
3.686811198919257015e-02 3.963115741503374367e-02
3.668866725930781947e-02 3.903735257345684884e-02
3.801980053337704335e-02 4.513361731611116590e-02
3.625160108238106860e-02 4.198561907822036254e-02
3.593849988578185634e-02 4.108359848150522353e-02
3.634155335501915163e-02 4.060101728606976823e-02
3.652428800089766586e-02 4.035042712056952086e-02
3.647686986902519413e-02 3.877486801192926019e-02
3.681939566092447269e-02 4.489738121073633820e-02
3.663525864279856131e-02 4.367424210456506001e-02
3.047259523443307527e-02 4.930681789410855387e-02
2.427359640939835347e-02 5.437613610469770042e-02
2.585900208973065592e-02 5.893852249422793649e-02
2.547859976221121189e-02 6.222932612976482536e-02
2.494625521719964767e-02 6.032528422352068098e-02
2.630914886207152276e-02 5.718559162853157490e-02
2.679594006580602455e-02 5.465710864855694712e-02
2.626791091289009186e-02 5.123015664164986410e-02
2.583953107068162960e-02 5.041633511727298261e-02
1.825557796361346533e-02 5.537470160554568838e-02
1.363121166688628302e-02 5.983723144499112495e-02
1.582412730477521234e-02 5.646646697357509542e-02
1.509939859220983324e-02 6.081982027621758713e-02
1.709907625391699285e-02 5.792182106203507680e-02
1.751720914726406786e-02 5.756010676330705622e-02
1.810985810686631739e-02 5.854120317803331031e-02
2.039451402294498519e-02 6.139091774220971354e-02
2.100476550379379997e-02 5.674735348441878324e-02
1.484186540120507186e-02 6.107261813597690547e-02
1.545101606159667712e-02 5.898986012501841736e-02
1.752041027092065412e-02 5.630802008648321672e-02
1.769335090847660649e-02 5.542211522614946817e-02
1.940230178633998298e-02 5.311543479905624088e-02
2.034012042298688483e-02 4.996842795604827109e-02
2.175137037726010067e-02 5.497158516044344662e-02
2.327643358118477654e-02 5.227341448258422674e-02
2.433895922184670796e-02 5.013454318388357173e-02
2.522889220500229221e-02 4.735700434064765707e-02
1.770600298450206167e-02 5.262130390658289331e-02
1.866490656122370140e-02 4.851681149194719128e-02
2.096168462078800560e-02 4.821197477470554743e-02
2.149660764073433109e-02 4.443392128697979532e-02
2.250685550327972267e-02 4.180272275952958555e-02
2.360919670626644012e-02 3.994423069779370894e-02
2.329244416357227968e-02 3.642278360759487049e-02
2.330721698074983070e-02 3.669666795365704448e-02
2.307273378782651735e-02 3.710461441216736378e-02
2.481822606388808111e-02 3.850692322411234519e-02
2.622057202173229754e-02 3.943270900267729223e-02
2.666083819990623313e-02 3.896070208783825040e-02
2.784906649200988293e-02 3.822694968041311092e-02
2.888199322817424849e-02 3.736109411453275575e-02
2.948316487088274360e-02 3.703712678046332252e-02
