5.000000000000000278e-02 9.198866910064452951e-02
5.000000000000000278e-02 9.198866910064452951e-02
5.000000000000000278e-02 8.719189799916729489e-02
5.000000000000000278e-02 8.348815986744993756e-02
5.000000000000000278e-02 7.941091184203799558e-02
5.000000000000000278e-02 7.564927275519603422e-02
5.000000000000000278e-02 7.311232730997788143e-02
5.000000000000000278e-02 7.012900668556534822e-02
5.000000000000000278e-02 6.904311698943492448e-02
5.000000000000000278e-02 6.778568898391335029e-02
5.000000000000000278e-02 6.545742498416816380e-02
5.000000000000000278e-02 6.443751388406267211e-02
4.967059842679255599e-02 6.799376249565641794e-02
4.970353858411330483e-02 6.637081353217856583e-02
4.973318472570197046e-02 6.448880170345405727e-02
4.975986625313177925e-02 6.318506374359152133e-02
4.978387962781860576e-02 6.149574233519079780e-02
4.839953377180603727e-02 5.976029628931446569e-02
4.855958039462543452e-02 5.839313792082930638e-02
4.870362235516288718e-02 5.736849994688811294e-02
4.883326011964660152e-02 5.683473006349413353e-02
4.894993410768194719e-02 5.511745293880322694e-02
4.905494069691375414e-02 5.464309809480365904e-02
4.914944662722238455e-02 5.342008480368808793e-02
4.923450196450014638e-02 5.243681919380117212e-02
4.931105176805013202e-02 5.216995223985856217e-02
4.937994659124511632e-02 5.150771471942496710e-02
4.944195193212060080e-02 5.124986533065233052e-02
4.949775673890854932e-02 5.104796760064479050e-02
4.954798106501769051e-02 5.279530246185095560e-02
4.959318295851591896e-02 5.288787599601252332e-02
4.963386466266432595e-02 5.759908839641127154e-02
4.967047819639790196e-02 5.640079532446955896e-02
4.970343037675811759e-02 5.745204173861828689e-02
4.973308733908231305e-02 5.695901047406089213e-02
4.975977860517408202e-02 5.650623939333434403e-02
4.978380074465667271e-02 5.590618159353941824e-02
4.980542067019100294e-02 5.550224110609958822e-02
4.982487860317190431e-02 5.413191872542935656e-02
4.984239074285472249e-02 5.310532467966536108e-02
4.985815166856925884e-02 5.279962810967026715e-02
4.987233650171234156e-02 5.194488922622145927e-02
4.988510285154111601e-02 5.144707109513918519e-02
4.989659256638701024e-02 5.131668041459793578e-02
4.990693330974831088e-02 5.122867139048951218e-02
4.991623997877348007e-02 5.110771973790578099e-02
4.992461598089613373e-02 5.085002032537843525e-02
4.993215438280652896e-02 5.058905309117275872e-02
4.993893894452587634e-02 5.069186388198544668e-02
4.994504505007328621e-02 5.275759203653184598e-02
4.995054054506596619e-02 5.210801347073985151e-02
4.995548649055937818e-02 5.292855974841027822e-02
4.995993784150344619e-02 5.274930475369955796e-02
4.996394405735310462e-02 5.224816327410437833e-02
4.996754965161780138e-02 5.173432256230522247e-02
4.997079468645602984e-02 5.094646090895058738e-02
4.997371521781042436e-02 5.039087593249592240e-02
4.997634369602937943e-02 5.037674193878661361e-02
4.997870932642643760e-02 5.533477210671060298e-02
4.998083839378379689e-02 5.421967484028170081e-02
4.998275455440541470e-02 5.418798472604441363e-02
4.998447909896487629e-02 5.334725946165189830e-02
4.998603118906838616e-02 5.236521958492842965e-02
4.998742807016154366e-02 5.213527487311958586e-02
4.998868526314538541e-02 5.164978008353258987e-02
4.998981673683085269e-02 5.104294002103716699e-02
4.999083506314777603e-02 5.113166573829436984e-02
4.999175155683299732e-02 5.178922609611485289e-02
4.999257640114969370e-02 5.120933254096437376e-02
4.999331876103473016e-02 5.101985030512852515e-02
4.999398688493125742e-02 5.034373622981332813e-02
4.999458819643813612e-02 5.007366284163710518e-02
4.999512937679433111e-02 4.981154507682854227e-02
4.999561643911490383e-02 5.055100331869226415e-02
4.999605479520341511e-02 5.120425334391372207e-02
4.999644931568307527e-02 5.103715877430533426e-02
4.999680438411477357e-02 5.086178720132256831e-02
4.999712394570329788e-02 5.054755095007151811e-02
4.999741155113296420e-02 5.049921591944750432e-02
4.999767039601966945e-02 4.974232613080299681e-02
4.999790335641771111e-02 4.966251214670076852e-02
4.999811302077594721e-02 4.922745991342248467e-02
4.999830171869835971e-02 4.967854666914819917e-02
4.999847154682852957e-02 4.963364542024225473e-02
4.999862439214568244e-02 5.016569462023427739e-02
4.999876195293111170e-02 5.028202786492358412e-02
4.999888575763800080e-02 5.058954473143913166e-02
4.999899718187419961e-02 5.022896662139543500e-02
4.999909746368677577e-02 5.520606995925589344e-02
4.999918771731809430e-02 5.415198906373381443e-02
4.999926894558628931e-02 5.351122491279326765e-02
4.999934205102765650e-02 5.396645057791094047e-02
4.999940784592489529e-02 5.261947846321778782e-02
4.999946706133240326e-02 5.202109475881915024e-02
4.999952035519916738e-02 5.082777569209942503e-02
4.999956831967924953e-02 5.066351347407955369e-02
4.999961148771132902e-02 5.559716212667160234e-02
4.999965033894020194e-02 5.404280041267685991e-02
4.999968530504618480e-02 5.423134857779607354e-02
4.999971677454156938e-02 5.488065944388450385e-02
4.999974509708741965e-02 5.413419668352285885e-02
4.999977058737868629e-02 5.329117321922580142e-02
4.999979352864082627e-02 5.309354057319980169e-02
4.999981417577674392e-02 5.248498794682820989e-02
4.999983275819906703e-02 5.154655008282207906e-02
4.999984948237916338e-02 5.153274474167285346e-02
4.999986453414125009e-02 5.152331051591548666e-02
4.999987808072713091e-02 5.193202730606528983e-02
4.999989027265441810e-02 5.193160144957900681e-02
4.999990124538897240e-02 5.507234555840698209e-02
4.999991112085007405e-02 5.563411958713545408e-02
4.999992000876507525e-02 5.487578640977477940e-02
4.999992800788856384e-02 5.446326061028594623e-02
4.999993520709970773e-02 5.371585411869858606e-02
4.999994168638974279e-02 5.339419219129470234e-02
4.999994751775077573e-02 5.259864705157943354e-02
4.987325888746933084e-02 5.109984638070354940e-02
4.988593299872240427e-02 5.010708810582577277e-02
4.989733969885017106e-02 4.989538171692126794e-02
4.990121557820197118e-02 5.269326250221624541e-02
4.991109402038178267e-02 5.220352844003714465e-02
4.976923327053098256e-02 5.102904790115441597e-02
4.979230994347788597e-02 5.070887497573882408e-02
4.981307894913010459e-02 5.241959295477995051e-02
4.541962922133767344e-02 5.717763365930195879e-02
4.587766629920390915e-02 6.121378112201507349e-02
4.628989966928352684e-02 5.992168537998039668e-02
4.666090970235517443e-02 5.832280783110592448e-02
4.699481873211966421e-02 5.709637708747638402e-02
4.729533685890770223e-02 5.588139734891122562e-02
4.756580317301693783e-02 5.686024895345397762e-02
4.722763328847229269e-02 5.413923977748658772e-02
4.730547732596188798e-02 5.199464611734379293e-02
4.757492959336570570e-02 5.190903572204066951e-02
4.781743663402913957e-02 5.100216751713259472e-02
4.803569297062622312e-02 5.084245860940628942e-02
4.823212367356360941e-02 5.041336162002492405e-02
4.840891130620725291e-02 4.949121076491106580e-02
4.848356867846100038e-02 4.802342199121634181e-02
4.863521181061490617e-02 4.763809015856674406e-02
4.877169062955341583e-02 4.685394486535150727e-02
4.889452156659807036e-02 4.692992122278427658e-02
4.900506940993826221e-02 4.676482490570858797e-02
4.910456246894444321e-02 4.673267210680819711e-02
4.919410622205000472e-02 4.717272569647302377e-02
4.927469559984500036e-02 4.698116068817229096e-02
4.934722603986049783e-02 4.657271515575569371e-02
4.941250343587444416e-02 4.709431275149385254e-02
4.947125309228700418e-02 4.716997175510112550e-02
4.952412778305829988e-02 4.862492003861406537e-02
4.957171500475247850e-02 5.060921140061111489e-02
4.961454350427722815e-02 5.002647027395164953e-02
4.965308915384951394e-02 5.006047871613764078e-02
4.968778023846456837e-02 5.113832043271861888e-02
4.971900221461811320e-02 5.067967971039961245e-02
4.974710199315630910e-02 5.060187533677949767e-02
4.977239179384068679e-02 4.980514500616598644e-02
4.979515261445661978e-02 4.956742438101355286e-02
4.981563735301096363e-02 4.920027517868804517e-02
4.983407361770987587e-02 4.857941943352203640e-02
4.985066625593889689e-02 4.988544812975034826e-02
4.986559963034500886e-02 5.015966874188472480e-02
4.987903966731051242e-02 4.983379577782869052e-02
4.989113570057945868e-02 4.943667949922458948e-02
4.990202213052151448e-02 4.897043539826937547e-02
4.991181991746936053e-02 4.899183541521454077e-02
4.992063792572243308e-02 4.931960847923303609e-02
4.992857413315018866e-02 4.895062466587823957e-02
4.993571671983516869e-02 4.920590269932334504e-02
4.994214504785166042e-02 4.918103983495743237e-02
4.994793054306649605e-02 4.937227060838200732e-02
4.995313748875984672e-02 4.901529925858956471e-02
4.995782373988386094e-02 4.909054987521549451e-02
4.996204136589547928e-02 4.911196932151793565e-02
4.996583722930593441e-02 4.953545896651359581e-02
4.996925350637534957e-02 4.916624472874088492e-02
4.997232815573782183e-02 4.910494058069112683e-02
4.997509534016404686e-02 4.841107486906725405e-02
4.997758580614763968e-02 4.811696806827338302e-02
4.997982722553287460e-02 4.866162726068504196e-02
4.998184450297958603e-02 4.867403625558696517e-02
4.998366005268163603e-02 4.821376980466589302e-02
4.998529404741347548e-02 4.809657308042251250e-02
4.998676464267212682e-02 5.298331261105584944e-02
4.998808817840491581e-02 5.219963979603397392e-02
4.998927936056442312e-02 5.217346383478053962e-02
4.999035142450798663e-02 5.220722214285773016e-02
4.999131628205719102e-02 5.096174667835694921e-02
4.999218465385146803e-02 5.092351466733641141e-02
4.999296618846632567e-02 5.100267788417826853e-02
4.999366956961968922e-02 5.063914083065779170e-02
4.999430261265772057e-02 5.090024203661445285e-02
4.999487235139195296e-02 5.201341427588769550e-02
4.999538511625276072e-02 5.215377459762633727e-02
4.999584660462748353e-02 5.148493055040929967e-02
4.999626194416473268e-02 5.084205288790183408e-02
4.999663574974826108e-02 5.165566676213503156e-02
4.999697217477343247e-02 5.131358234083876341e-02
4.999727495729609783e-02 5.095904269194944519e-02
4.999754746156649665e-02 5.123999215886459319e-02
4.999779271540985559e-02 5.135363451761443265e-02
4.999801344386886615e-02 5.115288542767676416e-02
4.999821209948197842e-02 5.073681005059758886e-02
4.999839088953378363e-02 4.953349785269718641e-02
4.999855180058040971e-02 4.929986377599149955e-02
4.999869662052236485e-02 4.997951573059068037e-02
4.999882695847013281e-02 4.924585991641172722e-02
4.999894426262312119e-02 4.799779860040627455e-02
4.999904983636081768e-02 4.823115040566620937e-02
4.999914485272473341e-02 4.826420962875298953e-02
4.999923036745226868e-02 4.839725479373004763e-02
4.999930733070703792e-02 4.863857837367098480e-02
4.999937659763634135e-02 4.849238953542945457e-02
4.999943893787270333e-02 4.909606092262412680e-02
4.999949504408543466e-02 4.923255903558366314e-02
4.999954553967689286e-02 4.911907091635348693e-02
4.999959098570920524e-02 4.941280797667547964e-02
4.999963188713828222e-02 4.926835330654510264e-02
4.999966869842445427e-02 4.878917038392966560e-02
4.999970182858201606e-02 5.000533980684625235e-02
4.999973164572381334e-02 4.959614040094281751e-02
4.999975848115142951e-02 4.977683377564168926e-02
4.999978263303628268e-02 5.081379197426602601e-02
4.999980436973265607e-02 5.067637140839420518e-02
4.999982393275939629e-02 5.079827975748529151e-02
4.999984153948346111e-02 5.067313674744768071e-02
4.999985738553511250e-02 5.063878875845621852e-02
4.999987164698160846e-02 5.061710731823769460e-02
4.999988448228344373e-02 4.964056101972271623e-02
4.999989603405510796e-02 4.940682328879753005e-02
4.999990643064959606e-02 4.878874906518426702e-02
4.986839809645618460e-02 4.720785891090215763e-02
4.988155828681056780e-02 4.723621129703019228e-02
4.989340245812950991e-02 4.740813818647001548e-02
4.990406221231656614e-02 4.722320982180946980e-02
4.991365599108490980e-02 4.651535028719194775e-02
4.992229039197641771e-02 4.580834690249752095e-02
4.993006135277877622e-02 4.614564214514083051e-02
4.993705521750090026e-02 4.715865430029884259e-02
4.994334969575081606e-02 4.719230155652653219e-02
4.994901472617573057e-02 4.789325017121089101e-02
4.995411325355815502e-02 4.803201366404882128e-02
4.995870192820234257e-02 4.846069208221535918e-02
4.996283173538211553e-02 5.358961733021762319e-02
4.996654856184390425e-02 5.304514757207258457e-02
4.996989370565951827e-02 5.257150645529948957e-02
4.997290433509356256e-02 5.229334917573744829e-02
4.997561390158421213e-02 5.247847148726553224e-02
4.997805251142579952e-02 5.214425344467590179e-02
4.998024726028321707e-02 5.154444892005503875e-02
4.998222253425489703e-02 5.105909077674989499e-02
4.998400028082941593e-02 5.063871795708727724e-02
4.998560025274648155e-02 5.083456897123767720e-02
4.998704022747182951e-02 4.966424507528729992e-02
4.998833620472464823e-02 5.469782056775857049e-02
4.998950258425217952e-02 5.381290372974612685e-02
4.999055232582697017e-02 5.328933238409465367e-02
4.999149709324426927e-02 5.285768530285895467e-02
4.999234738391984678e-02 5.247284342374947813e-02
4.999311264552785961e-02 5.224839869000684478e-02
4.999380138097507531e-02 5.532576267574307316e-02
4.999442124287757638e-02 5.469376500815616160e-02
4.999497911858982735e-02 5.410393171156912401e-02
4.999548120673084906e-02 5.370806882665014881e-02
4.999593308605776443e-02 5.452741811281711093e-02
4.999633977745199243e-02 5.385657388608846435e-02
4.999670579970678930e-02 5.346366427086721163e-02
4.999703521973611342e-02 5.302710560730795886e-02
4.999733169776250652e-02 5.253232874823854370e-02
4.999759852798625615e-02 5.577021486023991947e-02
4.999783867518763081e-02 5.497101588115088644e-02
4.999805480766887633e-02 5.469093779698631225e-02
4.999824932690198620e-02 5.391033032597739028e-02
4.999842439421178786e-02 5.368146468807299260e-02
4.999858195479060796e-02 5.383759778395652562e-02
4.999872375931155299e-02 5.436530965212323097e-02
4.999885138338039381e-02 5.412443307557166655e-02
4.999896624504235332e-02 5.562076715289849399e-02
4.999906962053811410e-02 5.493063934304708712e-02
4.999916265848430852e-02 5.746379119744316616e-02
4.999924639263587933e-02 5.822055633850924117e-02
4.999932175337229445e-02 5.743087547809969107e-02
4.999938957803506945e-02 5.650876381582137231e-02
4.999945062023156139e-02 5.576542808768348430e-02
4.999950555820840969e-02 5.563577744158641758e-02
4.999955500238757733e-02 5.696677542040833042e-02
4.999959950214882820e-02 5.716712957207987361e-02
4.999963955193394149e-02 5.782548188828907920e-02
4.999967559674055317e-02 5.705875982104833405e-02
4.999970803706650646e-02 5.664120790935327221e-02
4.999973723335986164e-02 5.656295882651410367e-02
4.999976351002387298e-02 5.623329063842355535e-02
4.999978715902149429e-02 5.720167888730156441e-02
4.999980844311935346e-02 5.765267346975256474e-02
4.999982759880741701e-02 5.689769594687346665e-02
4.999984483892667975e-02 5.589228804471539636e-02
4.999986035503400927e-02 5.587453505652810459e-02
4.999987431953061001e-02 5.566988091372361558e-02
4.999988688757754651e-02 5.727979781384321539e-02
4.999989819881979491e-02 5.683093101483080445e-02
4.999990837893782125e-02 5.555749421643176728e-02
4.999991754104404773e-02 6.000174479478859180e-02
4.999992578693963907e-02 5.913561117540529211e-02
4.999993320824568099e-02 5.898958880538975741e-02
4.999993988742111595e-02 5.817304000483128346e-02
4.999994589867901018e-02 5.824027554845724597e-02
4.999995130881111638e-02 5.718083067757567806e-02
4.999995617793000224e-02 5.647481993229951786e-02
4.999996056013700230e-02 5.651069296055540037e-02
4.999996450412330651e-02 5.776884172765333475e-02
4.999996805371097197e-02 5.758402696070661492e-02
4.999997124833988060e-02 5.673608327300329324e-02
4.999997412350588866e-02 5.636344805606535030e-02
4.999997671115530284e-02 5.603843224924182076e-02
4.999997904003977700e-02 5.551597658277837577e-02
4.999998113603580652e-02 5.479808952814918532e-02
4.999998302243223447e-02 5.388295049685472293e-02
4.999998472018901685e-02 5.363848575614912906e-02
4.999998624817011961e-02 5.310883992983118224e-02
4.999998762335311486e-02 5.278550823643084200e-02
4.999998886101780782e-02 5.233412488981091515e-02
4.999998997491603148e-02 5.170123210349018839e-02
4.999999097742442722e-02 5.129337182400305062e-02
4.999999187968198755e-02 5.093937007184942689e-02
4.999999269171379046e-02 5.094375685544846877e-02
4.999999342254241030e-02 5.111412688282280375e-02
4.999999408028817094e-02 5.075937745932805611e-02
4.999999467225935135e-02 5.078452134786948929e-02
4.999999520503341233e-02 5.077794054294952619e-02
4.999999568453007692e-02 5.045332250082791570e-02
4.999999611607706951e-02 5.059545433673327819e-02
4.999999650446936006e-02 4.979166160671064795e-02
4.999999685402242711e-02 4.928558140724498271e-02
4.999999716862019161e-02 4.934185446277496168e-02
4.999999745175817689e-02 4.938131969862107062e-02
4.999999770658236642e-02 5.033095459036450448e-02
4.999999793592413422e-02 5.005963021623915932e-02
4.999999814233171969e-02 4.965043641049935591e-02
4.999999832809855216e-02 4.825083296562356072e-02
4.999999849528870277e-02 4.814531977167003929e-02
4.999999864575983832e-02 4.829639005013043607e-02
4.997944943716195465e-02 4.685541852234701571e-02
4.998150449344576640e-02 4.709214628392085350e-02
4.998335404410118865e-02 4.706105739973871771e-02
4.998501863969107006e-02 4.714947280716681732e-02
4.998651677572196750e-02 4.686698790029157624e-02
4.998786509814977241e-02 5.177415478685778311e-02
4.998907858833480378e-02 5.094545327040585908e-02
4.999017072950132090e-02 5.059899655973448124e-02
4.999115365655118493e-02 5.161990010266136186e-02
4.999203829089607365e-02 5.133113714333351063e-02
4.999283446180646795e-02 5.112067479534370545e-02
4.999355101562581727e-02 5.055104933525848138e-02
4.999419591406323304e-02 5.023424406150994725e-02
4.999477632265690585e-02 4.964262958087928973e-02
4.999529869039122387e-02 4.893050278243565865e-02
4.999576882135210731e-02 4.856247695770801037e-02
4.999619193921689408e-02 4.827713349897287676e-02
4.999657274529520357e-02 4.825083564743919140e-02
4.999691547076567932e-02 4.844827413771182756e-02
4.999722392368911861e-02 4.836290848712421903e-02
4.999750153132020980e-02 4.792456861375249400e-02
4.999775137818819604e-02 4.808139911263156763e-02
4.999797624036937671e-02 4.791045248523933403e-02
4.999817861633244764e-02 4.782375576930762012e-02
4.999836075469921148e-02 4.678177024893302727e-02
4.999852467922928645e-02 4.602843591716718891e-02
4.999867221130635531e-02 4.590060371026549041e-02
4.999880499017572699e-02 4.557591636933604196e-02
4.999892449115815596e-02 4.565708801620080304e-02
4.999903204204234064e-02 4.509061846481831476e-02
4.999912883783810824e-02 4.515489003362776338e-02
4.999921595405429353e-02 4.518486214209613966e-02
4.999929435864886029e-02 4.527560419561561106e-02
4.999936492278397870e-02 4.542833194690575060e-02
4.999942843050558805e-02 4.541994881684035396e-02
4.999948558745502536e-02 4.505578458046798768e-02
4.999953702870953143e-02 4.552603249960535114e-02
4.999958332583857856e-02 4.644696678540883444e-02
4.999962499325472098e-02 4.706359304297129398e-02
4.999966249392924500e-02 4.690118731859681256e-02
4.999969624453631800e-02 4.691314845218609586e-02
4.999972662008268787e-02 4.686746141598486376e-02
4.999975395807441936e-02 4.640364077448138475e-02
4.999977856226697770e-02 4.683013952353019121e-02
4.999980070604027882e-02 4.693651064586028265e-02
4.999982063543625954e-02 4.618465811370379981e-02
4.999983857189263525e-02 4.609322633168187744e-02
4.999985471470337617e-02 4.600027134052708105e-02
4.999986924323304716e-02 4.585302631663257245e-02
4.999988231890974133e-02 4.619257580012142705e-02
4.999989408701877025e-02 4.740912042453505892e-02
4.999990467831690044e-02 4.704980542521371156e-02
4.999991421048521900e-02 4.699479997968145084e-02
4.999992278943669877e-02 4.690442099889664124e-02
4.999993051049303472e-02 4.661191041837151050e-02
4.999993745944372736e-02 4.740420672961877246e-02
4.999994371349936184e-02 4.731658552908708792e-02
4.999994934214942177e-02 4.697700671532878403e-02
4.999995440793447710e-02 4.780817205186684016e-02
4.999995896714103105e-02 4.794110099894986765e-02
4.999996307042693655e-02 4.775417119216802952e-02
4.999996676338425150e-02 4.810275822645460053e-02
4.999997008704583357e-02 4.812250996601204894e-02
4.999997307834125326e-02 4.839950766208112737e-02
4.999997577050713238e-02 4.793363014589242105e-02
4.999997819345641803e-02 4.805544929234446816e-02
4.999998037411078344e-02 4.800510833909078096e-02
4.999998233669970815e-02 4.808231849685832421e-02
4.999998410302973484e-02 4.780286689492731222e-02
4.999998569272676163e-02 4.738795737662993696e-02
4.999998712345408991e-02 4.751363731154839565e-02
4.999998841110868397e-02 4.741419501131189512e-02
4.999998956999782140e-02 4.750833466618560597e-02
4.999999061299803538e-02 4.825733497829033658e-02
4.999999155169823628e-02 4.804346839664287716e-02
4.999999239652841432e-02 4.808467432920747464e-02
4.999999315687557455e-02 4.832544103063197982e-02
4.999999384118801460e-02 4.986609708533178836e-02
4.999999445706922174e-02 5.050581603881426629e-02
4.999999501136230540e-02 5.075379273255061635e-02
4.999999551022607513e-02 5.037180045297197373e-02
4.999999595920347206e-02 5.038627031403294931e-02
4.999999636328313068e-02 4.987001464316257598e-02
4.999999672695482067e-02 4.971894424536125318e-02
4.999999705425933749e-02 4.947316324976654134e-02
4.999999734883341096e-02 4.966021835756392888e-02
4.999999761395007569e-02 4.962016366678616980e-02
4.999999785255507256e-02 4.921416252502845007e-02
4.999999806729957252e-02 4.911854885191318382e-02
4.999999826056961139e-02 4.975245470746236798e-02
4.999999843451265191e-02 4.930344871392770140e-02
4.999999859106138422e-02 4.928895384370995253e-02
4.999999873195525024e-02 4.969163903548347999e-02
4.999999885875973382e-02 4.890373041734128595e-02
4.999999897288376349e-02 4.865992922211928584e-02
4.999999907559539436e-02 4.859436397018176979e-02
4.999999916803585243e-02 4.832244230743452940e-02
4.999999925123227440e-02 4.857054139302788981e-02
4.999999932610904585e-02 4.811568342883861676e-02
4.999999939349814015e-02 4.804148353549003714e-02
4.999999945414833336e-02 4.831227554220286075e-02
4.999999950873350307e-02 4.806238094808335665e-02
4.999999955786015027e-02 4.785922913676525503e-02
4.999999960207414385e-02 4.774998998871636535e-02
4.999999964186672974e-02 4.774420661302167940e-02
4.999999967768005427e-02 4.777018568438139157e-02
4.999999970991204912e-02 4.881386302650637943e-02
4.999999973892084448e-02 4.864452537452139402e-02
4.999999976502876586e-02 4.849711446186905084e-02
4.999999978852588678e-02 4.846822706235843353e-02
4.999999980967330393e-02 4.870091290988735888e-02
4.999999982870598214e-02 4.871256313047114123e-02
4.999999984583539114e-02 4.919311237126209463e-02
4.999999986125185092e-02 4.882202622076229487e-02
4.999999987512666888e-02 4.836938489033601463e-02
4.999999988761399949e-02 4.796354267669318550e-02
4.999999989885260676e-02 4.737013195518383069e-02
4.999999990896734914e-02 4.738980924629331709e-02
4.999999991807062283e-02 4.744372975559847661e-02
4.999999992626356915e-02 4.717770478869607459e-02
4.999999993363721251e-02 4.738582260865233098e-02
4.999999994027348738e-02 4.746954638796628545e-02
4.999999994624614030e-02 4.742949388120609039e-02
4.999999995162153488e-02 4.765340643544154625e-02
4.999999995645938722e-02 4.741000589808669341e-02
4.999999996081344600e-02 4.746695538340015008e-02
4.999999996473210306e-02 4.714050827025647455e-02
4.999999996825889303e-02 4.692606483511294752e-02
4.999999997143300678e-02 4.741287889448005111e-02
4.999999997428970777e-02 4.730321595129218654e-02
4.999999997686073450e-02 4.786976536052495873e-02
4.999999997917466132e-02 4.746025851611102714e-02
4.999999998125720380e-02 4.734662330446401390e-02
4.999999998313148231e-02 4.745971994483848266e-02
4.999999998481834129e-02 4.752306451471886156e-02
4.999999998633651577e-02 4.785118455359994860e-02
4.999999998770286724e-02 4.797996275920015513e-02
4.999999998893257802e-02 4.812175702444217856e-02
4.999999999003931772e-02 4.811630668821160334e-02
4.999999999103538206e-02 4.814645783160102777e-02
4.999999999193184552e-02 5.052791152033075939e-02
4.999999999273865847e-02 5.137239798186320899e-02
4.999999999346479984e-02 5.091638067560003839e-02
4.999999999411831875e-02 5.120180359488257088e-02
4.999999999470648715e-02 5.092757771635773867e-02
4.999999999523584149e-02 5.042045121812692432e-02
4.999999999571226594e-02 5.043769003823840580e-02
4.999999999614104795e-02 5.024401717252816035e-02
4.999999999652694760e-02 4.980561473315230775e-02
4.999999999687425312e-02 5.013285900339460588e-02
4.999999999718683641e-02 4.865832044955894359e-02
4.999999999746815305e-02 4.859349009079350773e-02
4.999999999772133941e-02 4.820124136420115418e-02
4.999999999794921268e-02 4.796244158272434943e-02
4.999999999815429863e-02 4.771413509597079161e-02
4.999999999833887321e-02 4.789575603454088171e-02
4.999999999850499033e-02 4.876935387629435098e-02
4.999999999865449574e-02 4.838408951690690435e-02
4.999999999878905477e-02 4.923085816496201167e-02
4.999999999891015234e-02 4.902472994267427497e-02
4.999999999901913461e-02 4.840170812863254374e-02
4.999999999911722282e-02 4.829236716303930699e-02
4.999999999920549942e-02 4.801500360134713236e-02
4.999999999928494976e-02 4.831415092700708930e-02
4.999999999935646200e-02 4.810335363626325883e-02
4.999999999942081330e-02 4.791597770764802200e-02
4.999999999947873919e-02 4.788026493961168584e-02
4.999999999953086416e-02 4.756740281917200275e-02
4.999999999957778496e-02 4.840762084134061366e-02
4.999999999962001507e-02 4.828080193628208477e-02
4.999999999965801245e-02 4.714642981953336143e-02
4.999999999969220732e-02 4.720774385257699157e-02
4.999999999972298825e-02 4.721781496946870355e-02
4.999999999975068832e-02 4.766364038865778668e-02
4.999999999977562670e-02 4.784452819081942004e-02
4.999999999979806709e-02 4.751816022814502050e-02
4.999999999981825927e-02 4.751773974993431238e-02
4.999999999983643917e-02 4.727198251395674927e-02
4.999999999985280108e-02 4.775817592125260885e-02
4.999999999986752541e-02 4.725432268901495064e-02
4.999999999988077870e-02 4.747115076730701322e-02
4.999999999989269972e-02 4.740882782365030135e-02
4.999999999990342725e-02 4.724804201445249874e-02
4.999999999991308619e-02 4.715924560989426251e-02
4.999999999992177369e-02 4.751790690381803295e-02
4.999999999992960076e-02 4.748888643387627617e-02
4.999999999993663680e-02 4.736286257078660411e-02
4.999999999994297895e-02 4.732895818925383913e-02
4.999999999994868272e-02 4.802862253923037561e-02
4.999999999995381750e-02 4.709116281901630507e-02
4.999999999995843880e-02 4.705044052914398450e-02
4.999999999996260214e-02 4.705508975706618885e-02
4.999999999996634914e-02 4.695941254332999110e-02
4.999999999996972144e-02 4.723490361522081349e-02
4.999999999997274680e-02 4.704223410827813173e-02
4.999999999997548072e-02 4.717171614805115709e-02
4.999999999997793709e-02 4.749634926280826841e-02
4.999999999998014366e-02 4.768290342743319865e-02
4.999999999998212818e-02 4.805363019871222718e-02
4.999999999998391842e-02 4.838100941905142810e-02
4.999999999998552824e-02 4.851442179190709747e-02
4.999999999998697153e-02 4.827442879159032918e-02
4.999999999998827604e-02 4.827691055276580462e-02
4.999999999998945566e-02 4.780600825115018798e-02
4.999999999999051037e-02 4.788587542017391091e-02
4.999999999999146794e-02 4.765379106732064995e-02
4.999999999999232836e-02 4.746731764178350327e-02
4.999999999999309164e-02 4.774703454328286384e-02
4.999999999999378553e-02 4.811066965228573411e-02
4.999999999999441003e-02 4.809459001281229246e-02
4.999999999999496514e-02 4.755864238134616118e-02
4.999999999999546474e-02 4.798252933388549163e-02
4.999999999999592271e-02 4.961530334308980605e-02
4.999999999999633904e-02 4.905245802455750898e-02
4.999999999999671374e-02 4.921864466005748673e-02
4.999999999999704681e-02 4.892538190682579197e-02
4.999999999999733824e-02 4.878411990532390691e-02
4.999999999999760192e-02 4.956783927422895447e-02
4.999999999999783784e-02 4.940492600569399567e-02
4.999999999999805989e-02 4.904806467073808546e-02
4.999999999999825417e-02 4.846300801224653898e-02
4.999999999999843459e-02 4.836362214997219633e-02
4.999999999999858724e-02 4.846610343690931078e-02
4.999999999999872602e-02 4.941489750691087368e-02
4.999999999999885092e-02 4.917187132382112857e-02
4.999999999999896194e-02 4.920210561551239398e-02
4.999999999999907296e-02 5.011093646481875469e-02
4.999999999999917011e-02 5.102067907031168637e-02
4.999999999999925338e-02 5.035711592582166329e-02
4.999999999999933664e-02 5.026328044947289686e-02
4.999999999999940603e-02 5.002786801873663342e-02
4.999999999999946154e-02 4.919950466148673845e-02
4.999999999999951705e-02 4.909244830372726243e-02
4.999999999999957256e-02 4.880303074484046433e-02
4.999999999999961420e-02 4.904951756801723128e-02
4.999999999999965583e-02 4.955543138926578328e-02
4.999999999999969746e-02 4.920141212261152502e-02
4.999999999999972522e-02 4.823890020825474106e-02
4.999999999999975298e-02 4.811882859983716149e-02
4.999999999999978073e-02 4.800035872256430691e-02
4.999999999999980849e-02 4.824098943810438411e-02
4.999999999999983624e-02 4.893853396596818672e-02
4.999999999999985012e-02 4.878447223853051018e-02
4.999999999999986400e-02 4.893609863607591842e-02
4.999999999999987788e-02 4.821034928581793139e-02
4.999999999999989175e-02 4.880016781699324929e-02
4.999999999999990563e-02 4.845854726347213759e-02
4.999999999999991951e-02 4.851557104572920553e-02
4.999999999999993339e-02 4.875167998343937770e-02
4.999999999999994726e-02 4.915979453530879006e-02
4.999999999999996114e-02 4.915108352894605875e-02
4.999999999999996114e-02 4.927332315370913651e-02
4.999999999999996114e-02 4.936866105864264054e-02
4.999999999999996114e-02 4.887186386910846031e-02
4.999999999999996114e-02 4.951169788796205840e-02
4.999999999999996114e-02 4.952617421165992490e-02
4.999999999999996114e-02 4.976747312845315047e-02
4.999999999999996114e-02 4.961627057674616870e-02
4.999999999999996114e-02 4.925997729661003161e-02
4.999999999999996114e-02 4.883612268040200821e-02
4.999999999999996114e-02 4.903619172250758829e-02
4.999999999999996114e-02 4.890130265603243043e-02
4.999999999999996114e-02 4.857905473920785117e-02
4.999999999999996114e-02 4.887752855160541060e-02
4.999999999999996114e-02 4.904886224269323913e-02
4.999999999999996114e-02 4.937587433667685322e-02
4.999999999999996114e-02 4.883733751065214013e-02
4.999999999999996114e-02 4.887887500302290356e-02
4.999999999999996114e-02 4.917382677583147926e-02
4.999999999999996114e-02 4.920495591826488935e-02
4.999999999999996114e-02 4.937341286867579643e-02
4.999999999999996114e-02 4.801255238180966722e-02
4.999999999999996114e-02 4.768386037779414471e-02
4.999999999999996114e-02 4.763497455077916193e-02
4.999999999999996114e-02 4.783235540713762224e-02
4.999999999999996114e-02 4.826241073208574484e-02
4.999999999999996114e-02 4.812021661415134127e-02
4.999999999999996114e-02 4.759859096381814647e-02
4.999999999999996114e-02 4.732280032014071769e-02
4.999999999999996114e-02 4.716580594649708025e-02
4.999999999999996114e-02 4.765122098541738072e-02
4.999999999999996114e-02 4.808519716338441330e-02
4.999999999999996114e-02 4.847842854294383275e-02
4.999999999999996114e-02 4.947475880063550296e-02
4.999999999999996114e-02 4.920965187993377177e-02
4.999999999999996114e-02 4.914410080717825091e-02
4.999999999999996114e-02 4.864549352022733836e-02
4.999999999999996114e-02 4.856246815092668534e-02
4.999999999999996114e-02 4.888000311403132431e-02
4.999999999999996114e-02 4.889659926475924817e-02
4.999999999999996114e-02 4.952989978223311385e-02
4.999999999999996114e-02 4.940034420368251411e-02
4.999999999999996114e-02 4.921483126596211399e-02
4.999999999999996114e-02 4.931668880669737298e-02
4.999999999999996114e-02 4.902276172717295877e-02
4.999999999999996114e-02 4.921503929238178754e-02
4.999999999999996114e-02 4.967756331366748185e-02
4.999999999999996114e-02 4.975326145287471691e-02
4.999999999999996114e-02 4.914170287210487681e-02
4.999999999999996114e-02 4.888081922585796324e-02
4.999999999999996114e-02 4.896659516756923097e-02
4.999999999999996114e-02 4.875618821561003569e-02
4.999999999999996114e-02 4.883174669307696614e-02
4.999999999999996114e-02 4.841773449399860985e-02
4.999999999999996114e-02 4.894853503457016058e-02
4.999999999999996114e-02 4.934871883224511979e-02
4.999999999999996114e-02 4.890621219286400007e-02
4.999999999999996114e-02 4.880447086103226195e-02
4.999999999999996114e-02 4.888149885663618799e-02
4.999999999999996114e-02 4.894578851654334678e-02
4.999999999999996114e-02 4.912418523972875151e-02
4.999999999999996114e-02 4.896866178763852745e-02
4.999999999999996114e-02 5.337674212200219093e-02
4.999999999999996114e-02 5.291504682885164040e-02
4.999999999999996114e-02 5.239716615116321585e-02
4.999999999999996114e-02 5.215086227668762342e-02
4.999999999999996114e-02 5.198014043082569563e-02
4.999999999999996114e-02 5.208500640545709465e-02
4.999999999999996114e-02 5.189397849683895919e-02
4.999999999999996114e-02 5.176356491895377221e-02
4.999999999999996114e-02 5.141243202788101097e-02
4.999999999999996114e-02 5.124613018630726907e-02
4.999999999999996114e-02 5.143032960123795905e-02
4.999999999999996114e-02 5.180134271305015387e-02
4.999999999999996114e-02 5.269939808138143778e-02
4.999999999999996114e-02 5.255671431492984352e-02
4.999999999999996114e-02 5.181806652909232147e-02
4.999999999999996114e-02 5.107350957330166613e-02
4.999999999999996114e-02 5.102025382791427338e-02
4.999999999999996114e-02 5.036173967683619385e-02
4.999999999999996114e-02 5.070744230244089018e-02
4.999999999999996114e-02 5.059622543429522640e-02
4.999999999999996114e-02 5.070282053604524553e-02
4.999999999999996114e-02 5.029103123813134790e-02
4.999999999999996114e-02 5.017107996647716950e-02
4.999999999999996114e-02 4.994211310730692355e-02
4.999999999999996114e-02 4.955575196934374621e-02
4.999999999999996114e-02 4.972910851009511995e-02
4.999999999999996114e-02 4.998767790666815147e-02
4.999999999999996114e-02 4.988158858093819092e-02
4.999999999999996114e-02 5.009298705549920794e-02
4.999999999999996114e-02 5.002747062799658279e-02
4.999999999999996114e-02 5.065284128169914024e-02
4.999999999999996114e-02 5.066736954858078873e-02
4.999999999999996114e-02 5.042536682193986958e-02
4.999999999999996114e-02 5.061847413550608910e-02
4.999999999999996114e-02 5.039496294317195174e-02
4.999999999999996114e-02 5.026236746791815091e-02
4.999999999999996114e-02 5.026044318777602576e-02
4.999999999999996114e-02 5.001461170804323564e-02
4.999999999999996114e-02 5.024705445791652347e-02
4.999999999999996114e-02 5.022213712883062675e-02
4.999999999999996114e-02 5.014962751491350984e-02
4.999999999999996114e-02 5.056067437497933914e-02
4.999999999999996114e-02 5.020205179130270839e-02
4.999999999999996114e-02 4.997010400907488104e-02
4.999999999999996114e-02 4.977613316850293401e-02
4.999999999999996114e-02 4.984748164887481403e-02
4.999999999999996114e-02 4.946866227642041092e-02
4.999999999999996114e-02 4.950102189188138047e-02
4.999999999999996114e-02 4.935402984518356961e-02
4.999999999999996114e-02 4.888971517632274832e-02
4.999999999999996114e-02 4.864199053415249607e-02
4.999999999999996114e-02 4.826919687200987436e-02
4.999999999999996114e-02 4.804861355485114116e-02
4.999999999999996114e-02 4.787144307235732810e-02
4.999999999999996114e-02 4.829653921421672713e-02
4.999999999999996114e-02 4.801283411123477562e-02
4.999999999999996114e-02 4.789381233513725217e-02
4.999999999999996114e-02 4.768219259247978570e-02
4.999999999999996114e-02 4.825472271009748765e-02
4.999999999999996114e-02 4.853707721411328058e-02
4.999999999999996114e-02 4.817291368592335060e-02
4.999999999999996114e-02 4.777466716575493738e-02
4.999999999999996114e-02 4.765331454610846618e-02
4.999999999999996114e-02 4.748539978316214383e-02
4.999999999999996114e-02 4.717140011080783041e-02
4.999999999999996114e-02 4.715670244401646422e-02
4.999999999999996114e-02 4.684294913661796872e-02
4.999999999999996114e-02 4.688706015127765137e-02
4.999999999999996114e-02 4.635793076243211602e-02
4.999999999999996114e-02 4.630694004780726986e-02
4.999999999999996114e-02 4.621335358133695642e-02
4.999999999999996114e-02 4.602943202114956334e-02
4.999999999999996114e-02 4.588735520150975800e-02
4.999999999999996114e-02 4.562898224456122392e-02
4.999999999999996114e-02 4.581500857199866800e-02
4.999999999999996114e-02 4.575933667663001359e-02
4.999999999999996114e-02 4.608980809794302469e-02
4.999999999999996114e-02 4.638190527569946431e-02
4.999999999999996114e-02 4.595210312987974693e-02
4.999999999999996114e-02 4.609532912408922239e-02
4.999999999999996114e-02 4.696662952362334192e-02
4.999999999999996114e-02 4.671613132799731782e-02
4.999999999999996114e-02 4.694844210070251572e-02
4.999999999999996114e-02 4.687194369681273870e-02
4.999999999999996114e-02 4.671452760557042588e-02
4.999999999999996114e-02 4.687907319445550058e-02
4.999999999999996114e-02 4.697506615879883801e-02
4.999999999999996114e-02 4.708827635319452753e-02
4.999999999999996114e-02 4.737840706017058118e-02
4.999999999999996114e-02 4.726770659785918538e-02
4.999999999999996114e-02 4.697042631877604985e-02
4.999999999999996114e-02 4.734242519635316337e-02
4.999999999999996114e-02 4.679146973277852062e-02
4.999999999999996114e-02 4.709788127821046971e-02
4.999999999999996114e-02 4.757868595632687436e-02
4.999999999999996114e-02 4.774395986192356278e-02
4.999999999999996114e-02 4.793201727173742460e-02
4.999999999999996114e-02 4.772424056572526635e-02
4.999999999999996114e-02 4.741740823445628888e-02
4.999999999999996114e-02 4.751590178700941525e-02
4.999999999999996114e-02 4.767351686354538709e-02
4.999999999999996114e-02 4.791512526626789253e-02
4.999999999999996114e-02 4.788409388637576009e-02
4.999999999999996114e-02 4.772734069090365377e-02
4.999999999999996114e-02 4.769191688980605609e-02
4.999999999999996114e-02 4.642519041857980783e-02
4.999999999999996114e-02 4.663974306631612360e-02
4.999999999999996114e-02 4.608761159605662128e-02
4.999999999999996114e-02 4.569117359746094342e-02
4.999999999999996114e-02 4.579986138717649646e-02
4.999999999999996114e-02 4.561782654576510693e-02
4.999999999999996114e-02 4.567842394226410280e-02
4.999999999999996114e-02 4.562611428029485910e-02
4.999999999999996114e-02 4.915155332136522670e-02
4.999999999999996114e-02 4.900183801081871987e-02
4.999999999999996114e-02 4.887461349613757278e-02
4.999999999999996114e-02 4.902945120998479511e-02
4.999999999999996114e-02 4.888806562801758376e-02
4.999999999999996114e-02 4.882302316845680418e-02
4.999999999999996114e-02 4.822355795752571173e-02
4.999999999999996114e-02 4.802173939278179399e-02
4.999999999999996114e-02 4.771332413420290713e-02
4.999999999999996114e-02 4.751468928823543436e-02
4.999999999999996114e-02 4.727081113790984612e-02
4.999999999999996114e-02 4.747687177646272433e-02
4.999999999999996114e-02 4.741181328284097690e-02
4.999999999999996114e-02 4.720351184541238254e-02
4.999999999999996114e-02 4.708483409553780585e-02
4.999999999999996114e-02 4.721509247354002681e-02
4.999999999999996114e-02 4.728423034744926035e-02
4.999999999999996114e-02 4.764102274849937868e-02
4.999999999999996114e-02 4.733577953743612482e-02
4.999999999999996114e-02 4.723472078029207488e-02
4.999999999999996114e-02 4.674377664574475705e-02
4.999999999999996114e-02 4.675755622198482508e-02
4.999999999999996114e-02 4.761526679562589487e-02
4.999999999999996114e-02 4.677285892508478704e-02
4.999999999999996114e-02 4.641100466088983467e-02
4.999999999999996114e-02 4.645948755202067293e-02
4.999999999999996114e-02 4.716811647944634672e-02
4.999999999999996114e-02 4.702733902044051867e-02
4.999999999999996114e-02 4.674438460364868653e-02
4.999999999999996114e-02 4.677040873114048786e-02
4.999999999999996114e-02 4.695425353140771085e-02
4.999999999999996114e-02 4.718773619685007886e-02
4.999999999999996114e-02 4.711784849193256797e-02
4.999999999999996114e-02 4.784051821963472562e-02
4.999999999999996114e-02 4.799573263021485875e-02
4.999999999999996114e-02 4.698866970599639703e-02
4.999999999999996114e-02 4.691606483037606690e-02
4.999999999999996114e-02 4.675625887243510526e-02
4.999999999999996114e-02 4.673706026412134673e-02
4.999999999999996114e-02 4.668558517456876389e-02
4.999999999999996114e-02 4.653634971741200249e-02
4.999999999999996114e-02 4.630919909814085883e-02
4.999999999999996114e-02 4.596896198907059194e-02
4.999999999999996114e-02 4.575887406092093296e-02
4.999999999999996114e-02 4.584927765307521275e-02
4.999999999999996114e-02 4.628461609603871235e-02
4.999999999999996114e-02 4.641350032470193537e-02
4.999999999999996114e-02 4.650331433909664358e-02
4.999999999999996114e-02 4.651963501547646401e-02
4.999999999999996114e-02 4.644950580293367992e-02
4.999999999999996114e-02 4.676739354610297966e-02
4.999999999999996114e-02 4.657629977106701041e-02
4.999999999999996114e-02 4.644442824543264237e-02
4.999999999999996114e-02 4.675266954445605333e-02
4.999999999999996114e-02 4.657499084680810642e-02
4.999999999999996114e-02 4.658753385231166610e-02
4.999999999999996114e-02 4.656564932217824304e-02
4.999999999999996114e-02 4.657468305687723076e-02
4.999999999999996114e-02 4.683120345196484929e-02
4.999999999999996114e-02 4.683801669894295527e-02
4.999999999999996114e-02 4.689152763934102686e-02
4.999999999999996114e-02 4.695154828101044675e-02
4.999999999999996114e-02 4.693827189244041687e-02
4.999999999999996114e-02 4.752880117059600507e-02
4.999999999999996114e-02 4.821525938857766647e-02
4.999999999999996114e-02 4.775814184777989885e-02
4.999999999999996114e-02 4.739644316567149379e-02
4.999999999999996114e-02 4.744988774130400738e-02
4.999999999999996114e-02 4.721052606506237481e-02
4.999999999999996114e-02 4.715986645332993776e-02
4.999999999999996114e-02 4.730153868180084903e-02
4.999999999999996114e-02 4.685594558568546841e-02
4.999999999999996114e-02 4.657884111788353904e-02
4.999999999999996114e-02 4.651268838995935295e-02
4.999999999999996114e-02 4.627340172757306302e-02
4.999999999999996114e-02 4.698492051329036800e-02
4.999999999999996114e-02 4.667320092768482281e-02
4.999999999999996114e-02 4.644128127357455282e-02
4.999999999999996114e-02 4.611394602960763867e-02
4.999999999999996114e-02 4.575449369795955845e-02
4.999999999999996114e-02 4.569445471689524002e-02
4.999999999999996114e-02 4.523809502777427494e-02
4.999999999999996114e-02 4.584344901632265296e-02
4.999999999999996114e-02 4.579582449206038436e-02
4.834796428386214234e-02 4.941170219553453480e-02
4.851316785547593602e-02 4.871226650152986337e-02
4.866185106992834686e-02 4.964049169831624003e-02
4.879566596293551106e-02 4.897401589564708002e-02
4.891609936664195746e-02 4.795312284679058984e-02
4.902448942997776615e-02 4.743127571770453660e-02
4.912204048697998982e-02 4.748361814128893021e-02
4.920983643828198695e-02 4.762759328296782557e-02
4.928885279445378853e-02 4.757559844771667296e-02
4.935996751500841551e-02 4.734547432983607362e-02
4.942397076350757423e-02 4.714703059676882829e-02
4.948157368715681848e-02 4.610397904743104153e-02
4.953341631844114523e-02 4.604722184852050315e-02
4.958007468659703099e-02 4.608898244886168449e-02
4.962206721793732678e-02 4.598491276588569793e-02
4.965986049614359854e-02 4.593152391588850580e-02
4.969387444652924313e-02 4.867926109077348046e-02
4.972448700187631632e-02 4.993474588895491229e-02
4.975203830168868635e-02 4.949027898913201107e-02
4.977683447151981522e-02 5.181648512333048018e-02
4.979915102436784091e-02 5.170687685545802270e-02
4.981923592193106265e-02 5.653618916991222376e-02
4.983731232973795389e-02 5.777605818260175830e-02
4.985358109676416016e-02 5.660795241499860797e-02
4.986822298708774859e-02 5.561458576566769701e-02
4.988140068837897123e-02 5.481693204058939867e-02
4.989326061954107994e-02 5.405759826593589668e-02
4.990393455758697361e-02 5.317147730945809281e-02
4.991354110182827375e-02 5.240929714892865465e-02
4.992218699164545359e-02 5.182652282092902601e-02
4.992996829248090573e-02 5.122306396906297493e-02
4.993697146323282376e-02 5.051842467226622113e-02
4.994327431690954999e-02 5.011264310340158429e-02
4.994894688521860082e-02 5.006444987276787578e-02
4.995405219669674102e-02 5.505800488549109084e-02
4.995864697702706581e-02 5.404261555367426834e-02
4.996278227932436644e-02 5.394088852599750183e-02
4.996650405139192730e-02 5.553705750686599441e-02
4.996985364625274040e-02 5.460220536003839581e-02
4.997286828162747496e-02 5.441221235515120158e-02
4.997558145346472913e-02 5.369389431837619242e-02
4.997802330811826343e-02 5.288686712439669840e-02
4.998022097730643598e-02 5.248145641344152679e-02
4.998219887957579266e-02 5.229324860851530116e-02
4.998397899161821645e-02 5.157964619276157736e-02
4.998558109245639092e-02 5.267804787221019858e-02
4.998702298321075488e-02 5.167076344823277184e-02
4.998832068488967550e-02 5.650368710340950007e-02
4.998948861640070684e-02 5.984057790297385437e-02
4.999053975476064338e-02 5.828544674224898914e-02
4.999148577928458348e-02 6.245690206802409494e-02
4.999233720135612402e-02 5.985502808649526690e-02
4.999310348122051884e-02 6.386952527784574285e-02
3.999379313309846251e-02 6.748257275006117051e-02
4.099441381978861931e-02 6.491816679594121509e-02
4.189497243780976321e-02 6.329386923653673724e-02
4.270547519402878578e-02 6.696448231288307240e-02
3.384400606767826863e-02 7.026803408159476572e-02
3.545960546091043997e-02 7.324123067343529803e-02
2.691364491481939777e-02 7.591710760609177155e-02
2.922228042333745862e-02 7.346421819613388471e-02
3.130005238100370957e-02 7.611779637652049679e-02
3.317004714290333611e-02 7.320412911824299151e-02
2.652248783209773531e-02 7.351682410051121885e-02
2.887023904888796205e-02 7.097374503947408153e-02
3.098321514399916821e-02 6.917732504642550018e-02
3.288489362959925305e-02 6.818206750458279120e-02
3.459640426663933288e-02 6.644727405195696712e-02
3.613676383997539709e-02 6.801331370518225172e-02
3.752308745597786321e-02 7.121198233466402572e-02
3.877077871038007995e-02 6.882291781509022877e-02
3.989370083934207223e-02 6.860586307980853782e-02
4.090433075540786390e-02 6.768842859285965907e-02
4.181389767986708195e-02 6.580474604965724783e-02
4.263250791188037681e-02 6.363828849545775934e-02
4.336925712069233940e-02 6.210040556935169515e-02
4.368405255004723098e-02 6.368727832440257419e-02
3.431564729504250899e-02 6.731855049196232288e-02
3.588408256553825976e-02 6.678132664448191425e-02
3.729567430898443614e-02 7.010319398003372893e-02
3.856610687808599558e-02 7.309287458203037047e-02
2.970949619027739644e-02 7.578358712382735063e-02
3.173854657124965811e-02 7.257706345621431354e-02
3.356469191412469327e-02 6.996529848872955204e-02
3.520822272271222075e-02 6.767953898001874413e-02
3.668740045044099896e-02 6.611571886538702980e-02
3.801866040539690628e-02 6.417421569132125692e-02
3.921679436485721315e-02 6.230403638502430425e-02
4.029511492837149766e-02 6.051917692642132945e-02
4.126560343553435650e-02 5.918402191672354762e-02
4.047662265868608167e-02 5.982571314118721728e-02
4.142896039281747378e-02 5.921572061405557669e-02
4.228606435353572668e-02 5.819448669179258515e-02
4.305745791818216262e-02 5.725391002911086463e-02
4.375171212636394524e-02 5.640396265195966180e-02
4.437654091372755794e-02 5.456870433081092986e-02
4.012572563059838698e-02 5.708991282778775461e-02
4.111315306753854371e-02 6.138092154500898040e-02
4.200183776078468545e-02 6.524282939050808638e-02
4.280165398470621441e-02 6.871854645145727969e-02
4.352148858623559879e-02 6.623541742697669488e-02
4.416933972761204197e-02 6.349292524577787589e-02
4.475240575485084360e-02 6.201636210710705088e-02
4.527716517936576646e-02 5.991710004648789778e-02
4.574944866142918731e-02 5.923652187139419323e-02
4.617450379528627302e-02 5.754023507165870188e-02
4.655705341575765155e-02 5.588452852733324233e-02
4.690134807418189222e-02 5.445135607179228676e-02
4.721121326676371022e-02 5.559894721729122247e-02
4.749009194008733947e-02 5.359223344516568510e-02
4.774108274607860580e-02 5.252334274444030865e-02
4.796697447147074689e-02 5.198906211964359619e-02
4.777571160474031187e-02 4.984675526271267060e-02
4.799814044426628512e-02 4.970273711150904883e-02
4.819832639983966105e-02 5.473246340035814450e-02
4.837849375985570077e-02 5.925921706032233338e-02
4.854064438387013791e-02 6.333329535429010892e-02
4.868657994548312995e-02 6.699996581886109859e-02
4.794386609933212057e-02 6.821914051511605848e-02
4.716965671566333840e-02 6.386715345924205700e-02
4.745269104409700900e-02 6.215113933817625891e-02
4.770742193968731393e-02 6.061156778481513463e-02
4.793667974571858004e-02 5.920043038768370985e-02
4.808604017785195195e-02 6.328038734891533457e-02
4.827743616006675842e-02 6.115196579372478292e-02
4.844969254406009118e-02 5.978647521096387002e-02
4.860472328965408095e-02 5.904898357137849246e-02
4.874425096068867036e-02 5.711681603486210013e-02
4.857368460087844314e-02 5.640828330386908618e-02
4.871631614079059702e-02 5.798035438777274231e-02
4.884468452671153482e-02 5.704791108616214662e-02
4.896021607404038578e-02 5.662312959238562093e-02
4.906419446663634609e-02 5.539768309573472882e-02
4.915777501997271870e-02 5.390844190249511475e-02
4.924199751797544988e-02 5.347610093542369547e-02
4.931779776617790934e-02 5.449941849807025951e-02
4.938601798956011868e-02 5.447926443500725885e-02
4.329055346812588079e-02 5.903133799150653283e-02
4.396149812131329437e-02 5.792216384570841176e-02
4.456534830918196244e-02 5.718326551766071686e-02
4.510881347826377341e-02 5.588896033851226824e-02
4.559793213043740467e-02 5.514728433176168537e-02
4.263373304792701657e-02 5.963255589858552225e-02
4.337035974313431519e-02 5.820777285060502876e-02
4.403332376882088117e-02 6.238699556554452852e-02
4.462999139193879472e-02 6.118288048520026390e-02
4.516699225274491136e-02 6.176014554303037307e-02
4.565029302747042328e-02 6.058403426772554501e-02
4.608526372472337984e-02 5.981095905396713319e-02
4.647673735225103797e-02 5.848102208276832747e-02
4.682906361702593445e-02 5.705383027650706013e-02
4.714615725532333990e-02 5.606669056847336102e-02
4.743154152979101035e-02 5.487549103444840787e-02
4.768838737681191375e-02 5.424067974835123512e-02
4.791954863913072682e-02 5.337060097538963432e-02
4.812759377521765025e-02 5.255487352538451562e-02
4.831483439769589106e-02 5.194953748468335297e-02
4.848335095792630223e-02 5.084798888546877144e-02
4.863501586213367367e-02 5.032117048593438835e-02
4.877151427592030242e-02 4.982215687075079030e-02
4.889436284832827939e-02 4.935848142307425190e-02
4.891222240895856666e-02 4.807009674154610890e-02
4.902100016806271165e-02 4.847400384677701124e-02
4.911890015125644493e-02 4.957889893876667869e-02
4.920701013613079655e-02 4.910214995033884700e-02
4.928630912251771856e-02 4.856336576254209614e-02
4.935767821026594560e-02 5.030687218789844234e-02
4.942191038923934854e-02 5.133970667988378700e-02
4.947971935031542090e-02 5.065779795480155473e-02
4.953174741528387770e-02 5.075987382478084481e-02
4.957857267375549715e-02 5.149979884699527888e-02
4.962071540637995326e-02 5.204848157386562230e-02
4.965864386574196654e-02 5.220440016766746821e-02
4.969277947916776739e-02 5.163747632134930987e-02
4.972350153125099093e-02 5.142591686140571272e-02
4.975115137812589905e-02 5.069729617156269741e-02
4.977603624031330665e-02 5.100536072023639789e-02
4.979843261628197348e-02 5.021942851643727834e-02
4.981858935465377503e-02 5.027027915726312718e-02
4.962403958814158578e-02 4.859623877120635566e-02
4.966163562932743303e-02 4.816532976090966145e-02
4.945029542011664808e-02 4.665358799625860670e-02
4.950526587810498425e-02 4.742370475829142673e-02
4.955473929029448332e-02 4.791308475098720460e-02
4.959926536126503527e-02 4.802085361602673186e-02
4.963933882513853202e-02 4.769684874752833093e-02
4.967540494262467909e-02 4.703932164358488877e-02
4.970786444836221285e-02 4.634889258781236393e-02
4.973707800352598907e-02 4.548705756248516002e-02
4.976337020317339599e-02 4.577799132266682086e-02
4.978703318285605806e-02 4.658917905127485382e-02
4.980832986457045530e-02 4.668014979474487125e-02
4.982749687811341421e-02 4.650638863258400868e-02
4.984474719030207446e-02 4.836171693645141545e-02
4.986027247127186590e-02 4.871712033371872197e-02
4.987424522414468653e-02 4.966974362390561698e-02
4.988682070173021399e-02 4.975880243896180916e-02
4.989813863155719009e-02 4.941539252152098854e-02
4.990832476840147136e-02 4.883852381107989249e-02
4.991749229156132450e-02 4.991465346096862071e-02
4.992574306240520066e-02 4.991323395650826278e-02
4.993316875616468642e-02 5.181893579895268526e-02
4.993985188054822499e-02 5.140497749276450035e-02
4.994586669249340138e-02 5.108807499238350591e-02
4.995128002324406014e-02 5.078563645280883415e-02
4.995615202091965856e-02 4.982992866912498015e-02
4.996053681882769992e-02 4.978333647126070849e-02
4.996448313694493160e-02 4.948348118859043770e-02
4.996803482325043455e-02 4.904439664855293757e-02
4.982892118685229577e-02 5.413995698369764714e-02
4.984602906816706924e-02 5.317165886385784995e-02
4.986142616135036398e-02 5.286657499116673153e-02
4.987528354521532370e-02 5.210477219790693448e-02
4.988775519069379993e-02 5.129822564181300837e-02
4.989897967162441883e-02 5.023987471641346708e-02
4.990908170446198278e-02 5.014139012092731773e-02
4.820250327531613171e-02 5.512725110883458929e-02
4.838225294778451813e-02 5.482407794760621456e-02
4.854402765300606937e-02 5.414452279140147262e-02
4.868962488770546548e-02 5.423029153685584441e-02
4.882066239893492754e-02 5.333958716811914441e-02
4.893859615904143368e-02 5.330126448366052233e-02
4.904473654313729059e-02 5.358357590206207915e-02
4.914026288882356042e-02 5.309015964121534953e-02
4.922623659994120049e-02 5.274153012863280754e-02
4.930361293994708904e-02 5.198970702618999767e-02
4.937325164595238181e-02 5.180824206493851031e-02
3.943592648135714474e-02 5.662741785844466191e-02
4.049233383322142776e-02 5.725398246182410167e-02
4.144310044989928110e-02 5.606082766278017854e-02
4.229879040490935882e-02 5.545371496372598213e-02
4.306891136441842738e-02 5.485033502619980628e-02
4.376202022797658076e-02 5.438444609157219028e-02
4.438581820517892296e-02 5.377331420679044849e-02
4.494723638466102678e-02 5.289702562547760056e-02
4.545251274619492576e-02 5.232970924250521932e-02
4.590726147157543624e-02 5.213016685360354063e-02
4.631653532441790122e-02 5.131443546337328271e-02
4.668488179197610721e-02 5.109735976203655383e-02
4.701639361277849816e-02 5.050443893527819389e-02
4.731475425150065417e-02 5.076913830737029426e-02
4.758327882635059181e-02 5.062561463129411354e-02
4.782495094371554123e-02 4.990426805089931417e-02
4.804245584934399571e-02 5.032112751624420732e-02
4.823821026440959503e-02 5.043194808068998669e-02
4.841438923796863303e-02 5.030628937337241341e-02
4.857295031417177555e-02 5.046031655457410003e-02
4.871565528275459411e-02 5.010666628136253853e-02
4.884408975447913914e-02 5.039263841504849906e-02
4.895968077903123383e-02 5.027844311333100336e-02
4.906371270112810934e-02 4.986945409810812635e-02
4.915734143101530007e-02 4.986318088228716000e-02
4.924160728791376895e-02 4.961931261600471127e-02
4.931744655912238817e-02 4.953216667859299677e-02
4.938570190321014963e-02 4.964698117991111354e-02
4.944713171288914189e-02 4.982605063322291528e-02
3.950241854160023436e-02 5.484344556990062430e-02
4.055217668744021120e-02 5.376246855923313278e-02
4.149695901869619730e-02 5.664107009779967977e-02
4.234726311682658617e-02 5.658361554447476072e-02
4.311253680514393061e-02 5.572098129627787305e-02
4.380128312462953921e-02 5.521270488469393056e-02
4.442115481216658834e-02 5.508256031917804774e-02
4.497903933094993256e-02 5.442283426514908651e-02
4.548113539785493542e-02 5.417693594171213434e-02
4.593302185806943938e-02 5.875924234754092285e-02
4.633971967226249711e-02 5.779683564523781930e-02
4.670574770503624351e-02 5.686756979516012500e-02
4.703517293453261805e-02 5.578337742587184678e-02
4.733165564107935652e-02 5.493410235446188894e-02
4.759849007697142254e-02 5.390546254679064869e-02
4.783864106927428195e-02 5.328287023207085166e-02
4.805477696234686236e-02 5.366968009889049734e-02
4.824929926611218334e-02 5.365445363032728815e-02
4.842436933950096389e-02 5.336887213828128695e-02
4.858193240555086501e-02 5.363051407241918589e-02
4.872373916499578295e-02 5.359775069889301941e-02
4.885136524849620354e-02 5.328841626753481886e-02
4.896622872364658763e-02 5.244189935104083544e-02
4.906960585128193608e-02 5.247890552217250593e-02
4.916264526615374275e-02 5.312752480229485097e-02
4.924638073953836737e-02 5.285461487460375862e-02
4.932174266558453368e-02 5.233642781151214701e-02
4.938956839902608476e-02 5.195632348861416866e-02
4.945061155912347517e-02 5.186180294163800220e-02
4.950555040321112654e-02 5.202472816269394090e-02
4.955499536289001417e-02 5.179258006612627585e-02
4.959949582660101719e-02 5.177987284258935008e-02
4.963954624394091575e-02 5.141136220230647230e-02
4.967559161954682168e-02 5.092767913543818498e-02
4.970803245759214395e-02 5.105496037133055304e-02
4.973722921183293399e-02 5.136403125985355977e-02
4.976350629064964226e-02 5.126266381929313332e-02
4.978715566158467554e-02 5.254736561372098935e-02
4.980844009542620410e-02 5.231018767503239908e-02
4.982759608588357980e-02 5.203534350744641601e-02
4.984483647729522071e-02 5.209406384009671043e-02
4.986035282956570447e-02 5.250902444453085099e-02
4.987431754660913430e-02 5.209658824273757927e-02
4.988688579194822115e-02 5.170874549052683483e-02
4.989819721275340347e-02 5.113083497991725845e-02
4.990837749147807034e-02 5.051244990867824469e-02
4.991753974233026359e-02 5.047220634074044143e-02
4.992578576809723889e-02 5.044900999384371171e-02
4.993320719128752083e-02 5.049737438250601756e-02
4.993988647215877319e-02 5.044903812929216191e-02
4.994589782494289476e-02 5.038426822780266157e-02
4.995130804244861389e-02 4.999138027232262471e-02
4.995617723820375278e-02 5.038011247721663893e-02
4.996055951438338472e-02 5.055685876174894483e-02
4.996450356294504513e-02 5.528253702870131181e-02
4.996805320665054229e-02 5.633159969457796068e-02
4.997124788598548972e-02 5.534325403487238421e-02
4.997412309738694103e-02 5.465013293347681378e-02
4.997671078764824582e-02 5.410602440130311830e-02
4.997903970888342706e-02 5.375347979918276842e-02
4.998113573799509157e-02 5.316166472918353036e-02
4.998302216419558963e-02 5.298102204723181136e-02
4.998471994777603511e-02 5.281658158793839375e-02
4.998624795299842771e-02 5.416090725058831518e-02
4.998762315769858522e-02 5.362767424367188146e-02
4.998886084192873114e-02 5.340949474449443318e-02
4.998997475773586663e-02 5.319020886346612770e-02
4.999097728196227886e-02 5.259160163312005809e-02
4.999187955376604986e-02 5.172045691213460888e-02
4.999269159838944099e-02 5.135514691203642984e-02
4.999342243855049717e-02 5.122916130888256758e-02
4.999408019469545050e-02 5.095043816742483161e-02
4.999467217522590712e-02 5.037449681656519518e-02
4.999520495770332085e-02 5.059810713620183087e-02
4.999568446193299043e-02 5.022359243254061190e-02
4.999611601573969444e-02 5.015732178788205597e-02
4.999650441416572666e-02 5.032816510523359377e-02
4.999685397274915288e-02 4.973971554731990846e-02
4.999716857547424620e-02 4.970896921954835734e-02
4.999745171792682741e-02 4.970237177856264010e-02
4.999770654613414078e-02 4.873354591861244617e-02
4.999793589152072559e-02 4.887444174913763151e-02
4.999814230236865331e-02 4.874993199867869165e-02
4.999832807213179520e-02 4.937508850146668515e-02
4.999849526491861873e-02 4.903404647568163771e-02
4.999864573842675852e-02 4.987360690064621821e-02
4.999878116458408850e-02 4.970649121671113363e-02
4.999890304812568131e-02 4.994294876694339858e-02
4.999901274331311485e-02 4.960619032102624865e-02
4.999911146898181058e-02 5.015406975309692761e-02
4.999920032208363119e-02 5.052171816569404894e-02
4.999928028987526973e-02 4.983730952811587372e-02
4.999935226088773887e-02 4.979656394930385283e-02
4.999941703479897359e-02 4.965877913904272190e-02
