2.620065400635673836e-02 1.476177041887417885e-02
2.620065400635673836e-02 1.476177041887417885e-02
2.568652935254723060e-02 1.461026592866358255e-02
2.446710840294749612e-02 1.423144181876632303e-02
2.391788626275715909e-02 1.468173853709339727e-02
2.470749208651852255e-02 1.490090791163797140e-02
2.482570182338229153e-02 1.703589756179840070e-02
2.382456176183661220e-02 1.632029791379102646e-02
2.462157571938954764e-02 1.757758423595786115e-02
2.391261036457809075e-02 1.702750432653795873e-02
2.386139024724958854e-02 1.827555788390514135e-02
2.409656695082082467e-02 1.839000406480259531e-02
2.396136453801776811e-02 1.880618430225485666e-02
2.403888002160600029e-02 1.835294321090404426e-02
2.397527388593195113e-02 1.743344297502674722e-02
2.363341386298354121e-02 1.640020192435911323e-02
2.370032104492854341e-02 1.594139004543268859e-02
2.381949175190897078e-02 1.822897170648585599e-02
2.510516194890044517e-02 1.847369390837040604e-02
2.447087901070782792e-02 1.773779358453567850e-02
2.434594616270864195e-02 1.806399873324456701e-02
2.500561483904026328e-02 1.877045804615244326e-02
2.402600795216934537e-02 1.876780014126947990e-02
2.436347555329985981e-02 1.920442362113956858e-02
2.391242504432099583e-02 1.894046221301596070e-02
2.403859575521170161e-02 1.952883748539110259e-02
2.468747178492983196e-02 2.145899914959938440e-02
2.464045386929841069e-02 2.107295247725137974e-02
2.415266046877339104e-02 2.092246850164811503e-02
2.331905200928268557e-02 2.018001242295219821e-02
2.243007126708564808e-02 2.066856853896914537e-02
2.206241335900376022e-02 1.979945327469526811e-02
2.243570137717272941e-02 2.014753706242486744e-02
2.280422390632979093e-02 1.927035682307098180e-02
2.258703079305260722e-02 1.865106712888232182e-02
2.210665601778328410e-02 1.935138290150793805e-02
2.244364611458691747e-02 1.847789075997970099e-02
2.220676204024329622e-02 1.825145726181719164e-02
2.252802377250076940e-02 1.850499537377620074e-02
2.236058014660468815e-02 1.738679761791761189e-02
2.262736825152101422e-02 1.854387344040536734e-02
2.285641072778933983e-02 1.904270849620477365e-02
2.333620089053397087e-02 1.838309172186373616e-02
2.342690606219850410e-02 1.752596522867316126e-02
2.382805123613752907e-02 1.738363165838341731e-02
2.254861649698487736e-02 1.594645239969017317e-02
2.165288341224354957e-02 1.489545648189280307e-02
2.117244803669653466e-02 1.363494393683647131e-02
2.154517041773389152e-02 1.345296025505721485e-02
2.210754920000686588e-02 1.343654383499904778e-02
2.282791593940367708e-02 1.360678993468971039e-02
2.345589396842731253e-02 1.435720912021668134e-02
2.333259109943296508e-02 1.632649424067222216e-02
2.384268488395199781e-02 1.860842269064968968e-02
2.488702030115603689e-02 1.912004656355233145e-02
2.472736846253123510e-02 1.944140907798357076e-02
2.395715408296568427e-02 1.775226012094695618e-02
2.341359445280579571e-02 1.741552098977745822e-02
2.492333992104907997e-02 1.856969543593875796e-02
2.691680254179101145e-02 1.971229817424966640e-02
2.772769550135568972e-02 2.015512792300639539e-02
2.806960369534575173e-02 2.104814897677263069e-02
2.817601099504063802e-02 2.025688867615808506e-02
2.758616077599444077e-02 2.054093184643759895e-02
2.606809121577486829e-02 1.964980864426421614e-02
2.518436875668814134e-02 1.796146644716415178e-02
2.478331365330580308e-02 1.759043054025464028e-02
2.395653800669250363e-02 1.700198956634391481e-02
2.476951315619424152e-02 1.817655265928439998e-02
2.441898356707926376e-02 1.705077454354463062e-02
2.346818577868178129e-02 1.662388097058915479e-02
2.400101136847674482e-02 1.627833946198883885e-02
2.274491512460589601e-02 1.501276846525414349e-02
2.189377348021285391e-02 1.580224220626627943e-02
2.287167222374265549e-02 1.640082200954379871e-02
2.244268843287434631e-02 1.617393681195023261e-02
2.291457435792065844e-02 1.623863108613962658e-02
2.237606799137795838e-02 1.655659123595232263e-02
2.311291130482407905e-02 1.662270046526026848e-02
2.278399426067501121e-02 1.575757549768593349e-02
2.199811856461222209e-02 1.473982254329264836e-02
2.197543280115219280e-02 1.402207690854929967e-02
2.217357634902947933e-02 1.352042046562727286e-02
2.299649483221655882e-02 1.442435903317774298e-02
2.332207020138792053e-02 1.553660537675597211e-02
2.353767894620962045e-02 1.520864330363576843e-02
2.303845375152592870e-02 1.394232715243575414e-02
2.417475187558958821e-02 1.500900374213801590e-02
2.462293592967387812e-02 1.556809196977135615e-02
2.492613244916018489e-02 1.914969183830694116e-02
2.554115197262932582e-02 2.008236224321125613e-02
2.660998704627782346e-02 2.018844598286389722e-02
2.559868081642096768e-02 1.978258233976370323e-02
2.671588046333948571e-02 1.989183108382586856e-02
2.803506246612193567e-02 2.108294552641218692e-02
2.914072299547231307e-02 2.221795703506619646e-02
2.913292691206439619e-02 2.131900895541860227e-02
2.781433193635084178e-02 2.145028164418185529e-02
2.697887771976372612e-02 2.058899593046665741e-02
2.638389918575690871e-02 2.104322325123811344e-02
2.607243792260077742e-02 2.051406764151945603e-02
2.707405783129183952e-02 2.047952089675271481e-02
2.712455347403187195e-02 2.037336481590277040e-02
2.828626220063610100e-02 2.103442255110340997e-02
2.855273416754661175e-02 2.098878631804265010e-02
2.908124058715158555e-02 2.185727462328073550e-02
3.050758452743225491e-02 2.412465888885604454e-02
2.981763560853080766e-02 2.292344056166331634e-02
3.183587204767772405e-02 2.451063025193769840e-02
2.999291269771951415e-02 2.486410109506076785e-02
2.981270216819771959e-02 2.411116358481992308e-02
2.822397783210919137e-02 2.485887845770269958e-02
2.778184598773637479e-02 2.459739922332023973e-02
2.804789140026788669e-02 2.385542184748374456e-02
2.770472194426545215e-02 2.412299955871165941e-02
2.694702278759061181e-02 2.212759991518128966e-02
2.629283599842570374e-02 2.180439929718741218e-02
2.589435144748720649e-02 2.060395666914931895e-02
2.606376178640798860e-02 1.980663608207218138e-02
2.494805228110566139e-02 1.779142087609884501e-02
2.396425386658408707e-02 2.019691012675122951e-02
2.368922960120434587e-02 2.032621661773378885e-02
2.288226911362682345e-02 1.861090682283678133e-02
2.190713685827135049e-02 1.683588572787798193e-02
2.259273206778219037e-02 1.836350453049427622e-02
2.344749327736127611e-02 1.805822755676543892e-02
2.288726294228148744e-02 1.777957756854676996e-02
2.259031950491767471e-02 1.642001400763837618e-02
2.321224547736241983e-02 1.635345146567857358e-02
2.328421648527111143e-02 1.595669144673480047e-02
2.215317543880297377e-02 1.740747251763097303e-02
2.219235526603096503e-02 1.718972777040516167e-02
2.194041247175047143e-02 1.784948329342033596e-02
2.077858326493953883e-02 1.815486508953760916e-02
1.993305843063251925e-02 1.877446999123465535e-02
2.163867512271792914e-02 1.917682439969061944e-02
2.205207367977048485e-02 1.933759168336716266e-02
2.368874789482425247e-02 1.965350586947718289e-02
2.440201067658375605e-02 1.934545186605314895e-02
2.431444433605917804e-02 1.838285694171788720e-02
2.414233798836259645e-02 1.785892934954238370e-02
2.402987649542346824e-02 1.827752367626655008e-02
2.309808513273046288e-02 2.035015415683409309e-02
2.274760671495056757e-02 1.933534498779483635e-02
2.344098626515114803e-02 1.995644970788106043e-02
2.506102982973717336e-02 2.109188443860568821e-02
2.526547977784162832e-02 2.023858486166938211e-02
2.481528149928412946e-02 1.952659411438131473e-02
2.347028520048227013e-02 1.828959333960216219e-02
2.407837163701454994e-02 1.811409295152724766e-02
2.271790817947283436e-02 1.847162860512910343e-02
1.738994351936468119e-02 2.662446574461619503e-02
1.616560558365126229e-02 2.763424047305617845e-02
1.472004015250204766e-02 2.885808372493128132e-02
1.522309529955579235e-02 2.740702987067754684e-02
1.607153091804613271e-02 2.597590080090656298e-02
1.567525777605905529e-02 2.646055330291680052e-02
1.661474501318884259e-02 2.625532020027118718e-02
1.745377012628775495e-02 2.568376454737508752e-02
1.878030738811138287e-02 2.475743948416365969e-02
1.915808151439470433e-02 2.359406268765922715e-02
1.926996589317275105e-02 2.207673646788844979e-02
2.011508356004168552e-02 2.143544227127942847e-02
1.996902801281671622e-02 1.991200737370786220e-02
2.045428332807268032e-02 1.987934289255176290e-02
2.008633590468128852e-02 2.039633277556009150e-02
2.070617975773159092e-02 1.979547721817272177e-02
2.061995788585253842e-02 1.820032779180735805e-02
2.043983940633311083e-02 1.875285898555525618e-02
2.106554513153315392e-02 1.853303502214241963e-02
2.164302432773375709e-02 1.872096696374761157e-02
2.145988593559136973e-02 1.819638399617483707e-02
2.083056697202830335e-02 1.793506008995521608e-02
2.112557948415214742e-02 1.864877051608103756e-02
2.092309076403229412e-02 1.711287073702433617e-02
2.104389788956639168e-02 1.670792863793983674e-02
2.079949247145299052e-02 1.721772311523290383e-02
2.165225426317899868e-02 1.697811228369699305e-02
2.122290605156942206e-02 1.621389017690201551e-02
2.141890859874123407e-02 1.735350025635831739e-02
2.048956507253248127e-02 1.876158297240026335e-02
2.056605639073924921e-02 1.826456394849819767e-02
2.133675126263986227e-02 1.858363421238467400e-02
2.050330157701762968e-02 1.813354632305944764e-02
1.903008367966441475e-02 1.789587529337941657e-02
1.929896451442071961e-02 1.727775108973577875e-02
1.924599252851865588e-02 1.715584745419157855e-02
1.892092172482338908e-02 1.680378972580205341e-02
1.916566687671876490e-02 1.569775443282662303e-02
1.835449241187138772e-02 1.558732093971132264e-02
1.906011077945152579e-02 1.682010674628632921e-02
1.978636166726681356e-02 1.657723872868084938e-02
1.944034388359753771e-02 1.510700703461314090e-02
1.963592732943912969e-02 1.489182057638539260e-02
1.990807792182849867e-02 1.435508110720152761e-02
2.027072161253987148e-02 1.514033711385749485e-02
2.030918937871686522e-02 1.487761670105645917e-02
2.078721960476256209e-02 1.716796246745821986e-02
2.205892069399579061e-02 1.778627855320174048e-02
2.189770274449461679e-02 1.744637991661622534e-02
2.273084526543105860e-02 1.795094206692982031e-02
2.302817639430090185e-02 1.826297312032034922e-02
2.297590845361667522e-02 1.798328476928782310e-02
2.300455389365686776e-02 1.737406620973129534e-02
2.282104097115868202e-02 1.703787754151445469e-02
2.336923569152898200e-02 1.698521952564090165e-02
2.321485950285141764e-02 1.663116347558958250e-02
2.296812602276934387e-02 1.609266193352682991e-02
2.313851167651006374e-02 1.642958135577163303e-02
2.312938091792375583e-02 1.621489838165417544e-02
2.259796750192210463e-02 1.626452889697823506e-02
2.300769573478710084e-02 1.635223623705280016e-02
2.295673353946050405e-02 1.617511087171102577e-02
2.211409305311913889e-02 1.464349152867174160e-02
2.215995508239052697e-02 1.490377819790138919e-02
2.197759532308635536e-02 1.462378108011432032e-02
2.072578350271145689e-02 1.302838417751414450e-02
2.261661672288494546e-02 1.593639005460798300e-02
2.216583268884091823e-02 1.470634915044548817e-02
2.103882797291727405e-02 1.470223407026891548e-02
2.059005027400232293e-02 1.355017466874503321e-02
2.168740801910254770e-02 1.420869153034010068e-02
2.189948245731942328e-02 1.440964413625548703e-02
2.246779097157311500e-02 1.460471176200982615e-02
2.209138732746315087e-02 1.378587403928051291e-02
2.184907898317619765e-02 1.397092171798045360e-02
2.130747923956491374e-02 1.275649487362510819e-02
2.061623582831963175e-02 1.233542825503887615e-02
2.259204372032582939e-02 1.521187361214323790e-02
2.223063544637681604e-02 1.536148671066707959e-02
2.168660603147961122e-02 1.390479294480587331e-02
2.285515018237144202e-02 1.464952793168244373e-02
1.556963516413429824e-02 2.318457513851419904e-02
9.012671647720868137e-03 3.086611762466278178e-02
3.111404482948779832e-03 3.777950586219650658e-02
-2.199735965346099036e-03 4.400155527597685717e-02
-3.281668469532018038e-03 3.975355708895541434e-02
-1.063088978337459233e-03 3.756550562395865461e-02
-4.379707257138717481e-03 3.606210919146361771e-02
-3.796573394897819007e-03 3.143451929921252386e-02
-2.073216806295630210e-03 2.866501462534745692e-02
-7.121648289373783136e-05 2.664864179320592524e-02
1.381428037397638888e-03 2.407141751775309854e-02
3.744948191426632905e-03 2.348459808169322746e-02
6.260488441173254863e-03 2.290183563214535922e-02
7.927226335931259263e-03 2.196534318807557770e-02
9.367817639930773807e-03 2.086693138659689167e-02
1.052891175264151179e-02 2.078190655414129118e-02
1.277625160503405820e-02 2.055669128207465030e-02
1.315702718493566223e-02 2.045312634289282380e-02
1.516129595101272515e-02 2.111159867614322352e-02
1.778222283813511023e-02 2.260038353487131210e-02
1.753070492696287563e-02 2.135497302160119237e-02
1.783079145432672763e-02 2.065724860901600388e-02
1.743747271766099213e-02 1.854158718011182996e-02
1.846638024473525042e-02 1.831487415829794255e-02
1.922315111760663012e-02 1.791265655706317586e-02
1.669728795562108736e-02 1.786130812972162515e-02
1.777062740613063671e-02 1.721831555041823669e-02
1.722051063871714999e-02 1.611155397707476206e-02
1.049845957484543506e-02 2.450039857936728988e-02
4.448613617360890407e-03 3.205035872143056214e-02
-9.962477443751990847e-04 3.884532284928750995e-02
4.103377030062321622e-03 4.496079056435876159e-02
8.693039327056090171e-03 5.046471150792288668e-02
2.823735394350480182e-03 5.541824035713060342e-02
7.541361854915433482e-03 5.383646869572103477e-02
4.886436047208430819e-03 5.845282182614893601e-02
4.035260241888879301e-03 5.171159519746341277e-02
4.513803893446024888e-03 4.793111242098096331e-02
6.187727575946714437e-03 4.421884110870592105e-02
8.707471356690685282e-03 4.312969526805628118e-02
9.910124357247350815e-03 4.183592691828429133e-02
1.189547966512794971e-02 3.941904327860822760e-02
1.282115410263490185e-02 3.599589283135128798e-02
1.402884957923570750e-02 3.427476136871075718e-02
1.373176484015715786e-02 3.399799264312412111e-02
1.465543577093304621e-02 3.190920239621065913e-02
1.426633979217478004e-02 3.611536656018066171e-02
1.516543204663341887e-02 3.324682364325244610e-02
1.478502424472878489e-02 3.418072864031342084e-02
1.572262282849088907e-02 3.224444288361493632e-02
1.872337462819853582e-02 3.214327150063275851e-02
1.990793314125599914e-02 3.188628371696387159e-02
2.067586330759381072e-02 2.994045202287934360e-02
2.094800442595049980e-02 2.867606159919796130e-02
2.151446922179865023e-02 2.724570156141507132e-02
2.114190833576141959e-02 2.562077812639788205e-02
2.124068391982590620e-02 2.584640926684266329e-02
2.179505204020971976e-02 2.441711006970331138e-02
2.154311275766269962e-02 2.359944836589075376e-02
2.205238711270869970e-02 2.341912588876087983e-02
2.195589659248509129e-02 2.205067508777133409e-02
2.112719802585357950e-02 2.176038851574878252e-02
2.261909150083417017e-02 2.235409835560385819e-02
2.286153862275263834e-02 2.153350707158610197e-02
2.284529755167244783e-02 2.089795952502809806e-02
2.362949103162978459e-02 2.169557649252247186e-02
2.530484563683654819e-02 2.340052826299430719e-02
2.518228840089634796e-02 2.203731225034557401e-02
2.430714552491997082e-02 2.140787444021336958e-02
2.424675882830390483e-02 2.181522567298058157e-02
2.437564757282416339e-02 2.129585183525600084e-02
2.359575482400736238e-02 2.162518773008718226e-02
2.384738134212877753e-02 2.304282847786541868e-02
2.504273761565985190e-02 2.276291582768535243e-02
2.553725123782297352e-02 2.199889870370901404e-02
2.654333137043398891e-02 2.202398370865749078e-02
2.607149201918087383e-02 2.275082292592048305e-02
2.485119060053860018e-02 2.152782986474071486e-02
2.358730154286445627e-02 2.317452776182227225e-02
2.291636023645032827e-02 2.368179905150370745e-02
2.328477555642272795e-02 2.284783298695690010e-02
2.207503733055082504e-02 2.189424880361770867e-02
2.149277815831851166e-02 2.258143694753325659e-02
2.116353255720147819e-02 2.092785653706223312e-02
2.109872334930922022e-02 1.941399821199653319e-02
2.089501528042474882e-02 2.044020493112128772e-02
2.094855574845695331e-02 2.246315761615239048e-02
2.220665456093961349e-02 2.254196351750948138e-02
2.171903747233941417e-02 2.265856828174483278e-02
2.187970957358503082e-02 2.237215786139084422e-02
2.327763857159482683e-02 2.305231468385957744e-02
2.174542248625815910e-02 2.135125134844607225e-02
2.130905066707459647e-02 2.421640010707314106e-02
2.121371388042563727e-02 2.495841812745260013e-02
2.109969524008515826e-02 2.543105213697462175e-02
2.124760813332332229e-02 2.529095302033285489e-02
2.037615746963675895e-02 2.543831302201070288e-02
2.082912171795375800e-02 2.556028903757406878e-02
2.081163950771264953e-02 2.662386745183725409e-02
2.059972035174323368e-02 2.702085618483249935e-02
2.075647477075723280e-02 2.657610914031816388e-02
2.079233305018615002e-02 2.629070966310290136e-02
2.105927069399473467e-02 2.461424571344398779e-02
2.074080919574899581e-02 2.373155477297195573e-02
2.116050054644645281e-02 2.278614896078256374e-02
2.150040290897957396e-02 2.138666731883661146e-02
2.293757403583511489e-02 2.197824607805453148e-02
2.144619911402799103e-02 2.225387746005268869e-02
2.171705421763831662e-02 2.162211116573203515e-02
2.321541387257403111e-02 2.308640394005944535e-02
2.371365404188593984e-02 2.275338749327772761e-02
2.459928086383111889e-02 2.214201923233101790e-02
2.405261783307143311e-02 2.078854292150386293e-02
2.354227364237621023e-02 1.917604749381136148e-02
2.283050127996049880e-02 1.934968548511958528e-02
2.169303165802683245e-02 1.963167832962270029e-02
2.263740046884343132e-02 2.013139919104466741e-02
2.405306348465717156e-02 2.042530097458583258e-02
2.500647772316339640e-02 2.064210386080266024e-02
2.421394403512895643e-02 1.948708667930594204e-02
2.536544952497483615e-02 1.963218151440608225e-02
2.511684951024594631e-02 2.000670995286906242e-02
2.452744591462838186e-02 1.849461898825828163e-02
2.349970195180135432e-02 1.743543414457660728e-02
2.462673478360169477e-02 1.808477057861195003e-02
2.458132079384336630e-02 1.802208243135918278e-02
2.495914071109164162e-02 1.777972097505006732e-02
2.394200203164781326e-02 1.703928325026678875e-02
2.326703558060470856e-02 1.575264558682943142e-02
2.385789786024085368e-02 1.593627314347932297e-02
2.464453158154596146e-02 1.647695990302104618e-02
2.606909077084999804e-02 1.780394011505804369e-02
2.673472306090040468e-02 1.857109225287525284e-02
2.708623778932306089e-02 1.926521853450656810e-02
2.801765782207258151e-02 2.049048125576764801e-02
2.685839887365654849e-02 1.964773925411256866e-02
2.758841716664620775e-02 2.000024741260621533e-02
2.770361130018276011e-02 2.018700218459557744e-02
2.787530973345743804e-02 2.054957518489583870e-02
2.851208403408716369e-02 2.136394665918769573e-02
2.914400162004794279e-02 2.193292392931019824e-02
2.785651194306299969e-02 2.259145395304371778e-02
2.740535561414776666e-02 2.110702019427520074e-02
2.742232206086052393e-02 2.088793109264771436e-02
2.678563651267114668e-02 2.081505006357278753e-02
2.734438318316641942e-02 2.094655810203849972e-02
2.701848108272421334e-02 2.003341536950337815e-02
2.780228094326097146e-02 1.995042467950935289e-02
2.698792281106767929e-02 2.208415346017593428e-02
2.876219460189918115e-02 2.279298471269849274e-02
2.990195485956959401e-02 2.438676831351428709e-02
3.053979275178936650e-02 2.445629386646423070e-02
3.120033949182959496e-02 2.435058924328491539e-02
3.014514431206652065e-02 2.408598477947996447e-02
3.019020236438181223e-02 2.406208835736938986e-02
2.993023139987528725e-02 2.334489840104672642e-02
3.038090311102836782e-02 2.454183049506667921e-02
3.048596144626685572e-02 2.398302422063825282e-02
2.989682368136261509e-02 2.325015530653706114e-02
3.023385509995447223e-02 2.295885638480703317e-02
2.987389092914868177e-02 2.330705424273146753e-02
2.958967313458300830e-02 2.277022895724154297e-02
3.137084210425462177e-02 2.368795529203974320e-02
3.241734113008648555e-02 2.392171680804320438e-02
3.190162112001853484e-02 2.508294737329945165e-02
3.204075631103601302e-02 2.438222246656190223e-02
3.199798216706212228e-02 2.363845982250791997e-02
3.205901109045541930e-02 2.392155788330502589e-02
3.217910023181660972e-02 2.333457271387267065e-02
3.095625712584059580e-02 2.379675811999765883e-02
2.878777004313409077e-02 2.273698268915676224e-02
2.836912789586704120e-02 2.439782979341977714e-02
2.817364786346069142e-02 2.812745908688735197e-02
2.711156597815562314e-02 2.547223526522589265e-02
nan nan
nan nan
nan nan
nan nan
nan nan
nan nan
nan nan
nan nan
nan nan
nan nan
nan nan
nan nan
nan nan
nan nan
nan nan
nan nan
nan nan
nan nan
nan nan
nan nan
nan nan
nan nan
nan nan
nan nan
nan nan
nan nan
nan nan
nan nan
nan nan
nan nan
nan nan
nan nan
nan nan
nan nan
nan nan
nan nan
nan nan
nan nan
nan nan
nan nan
nan nan
nan nan
nan nan
nan nan
nan nan
nan nan
nan nan
nan nan
nan nan
nan nan
nan nan
nan nan
nan nan
nan nan
nan nan
nan nan
nan nan
nan nan
nan nan
nan nan
nan nan
nan nan
nan nan
nan nan
nan nan
nan nan
nan nan
nan nan
nan nan
nan nan
nan nan
nan nan
nan nan
nan nan
nan nan
nan nan
nan nan
nan nan
nan nan
nan nan
nan nan
nan nan
nan nan
nan nan
nan nan
nan nan
nan nan
nan nan
nan nan
nan nan
nan nan
nan nan
nan nan
nan nan
nan nan
2.555527763594014554e-02 2.392974538620136482e-02
2.565681646310569164e-02 2.353274387783806446e-02
nan nan
2.560039523853442633e-02 2.209558656796719450e-02
2.485626154087572370e-02 2.143453490081925761e-02
2.437805295995896376e-02 1.973313957995639564e-02
2.441341341039303045e-02 1.866559791845172692e-02
2.491786404632847021e-02 1.814911311753084414e-02
2.398468601287474800e-02 1.786690409361512202e-02
2.239285110511441898e-02 1.642585998936371694e-02
2.289604694654388470e-02 1.629672594329774002e-02
2.132449638008700882e-02 1.380132218455564809e-02
nan nan
2.239408440847671586e-02 1.455433721176600803e-02
1.936007686608325409e-02 1.249422330493970071e-02
1.684646468200933986e-02 1.096538852205722683e-02
1.570462002349945832e-02 1.036468277108973553e-02
1.619297760338516204e-02 1.083171179551165042e-02
1.623551482893178036e-02 1.105237451135058190e-02
1.574576010834064302e-02 9.551981987194034171e-03
1.677087920378687869e-02 1.026301463658002046e-02
1.704956920328631192e-02 1.024234213242057080e-02
1.800305979370020459e-02 1.208567822284996665e-02
1.935045481468445835e-02 1.248626087875308668e-02
2.030081392980059851e-02 1.336061592891958118e-02
1.932373550497875139e-02 1.244891196810397026e-02
1.917112816014757831e-02 1.221803963860807786e-02
1.824929741836605820e-02 1.069305163669489848e-02
2.002045081143757552e-02 1.269346682812338284e-02
2.019081876857702421e-02 1.215284513897782123e-02
2.062731441836513496e-02 1.220079825431595426e-02
1.955072123136083681e-02 1.072008444026470789e-02
1.922878082573810030e-02 1.013907874039446030e-02
1.744850855061863548e-02 1.132039002670373086e-02
1.660100945843384634e-02 1.076209308525293354e-02
1.792418713363371288e-02 1.187508113560795456e-02
1.977066914412464044e-02 1.381751375993514261e-02
1.915856705838473242e-02 1.267928990005362522e-02
1.894594286882549106e-02 1.151512162571412083e-02
1.626091174500714914e-02 9.754840853774584750e-03
1.631992196190725636e-02 8.944049205323566232e-03
1.588072379309391630e-02 8.417342538134196459e-03
1.745736968061891228e-02 9.140775292657766365e-03
1.939622927548646444e-02 1.031154692678282539e-02
1.960014732276188151e-02 1.069340632325295644e-02
1.804342321363986909e-02 1.225750797063779318e-02
1.739885874864349757e-02 1.256131965872206609e-02
1.857083387810521541e-02 1.330656436478823250e-02
1.708790958450687181e-02 1.116601892303920734e-02
1.675237124041482895e-02 1.347568865555537690e-02
1.745120819759714281e-02 1.372814688708909325e-02
1.771636124867305082e-02 1.277060716476004915e-02
1.829369139342866893e-02 1.298974735418062867e-02
1.871012051737102819e-02 1.320546498269651280e-02
1.760996153122088709e-02 1.731281549104748269e-02
1.847819487733834767e-02 1.670671569346884183e-02
1.792734622615985846e-02 1.475626720028163502e-02
1.916191106100142982e-02 1.537843317041336783e-02
1.989006591780775532e-02 1.604136389937131993e-02
2.002253807444560538e-02 1.590826033890889446e-02
2.033254829337038244e-02 1.532390359492910061e-02
2.060426083519421511e-02 1.754361638809974824e-02
2.044372781994798979e-02 1.667647495697244589e-02
2.010626476385604308e-02 1.626265200226402474e-02
2.022900309921746992e-02 1.566570326778887745e-02
1.942244770465846940e-02 1.449845690060679038e-02
1.922046069792775549e-02 1.539621278134686334e-02
1.916213547900311176e-02 1.463850039639682382e-02
1.951721815795625856e-02 1.463917028300276701e-02
2.063782309830097458e-02 1.504123502081322963e-02
2.008769870262514315e-02 1.464174584651523579e-02
2.023578260666718601e-02 1.438798581589871388e-02
2.047515427214902789e-02 1.377070755132775264e-02
1.981738805699214886e-02 1.556643490348737571e-02
2.086175891137053567e-02 1.544002377878657233e-02
2.135645731623038793e-02 1.498314797026262940e-02
2.045392622278111028e-02 1.398830801369582884e-02
2.078255545793057657e-02 1.406136561165662741e-02
2.186054093030313783e-02 1.462267893973879553e-02
2.191038699124080863e-02 1.480439190642714870e-02
2.059372562728611217e-02 1.642977883218773444e-02
1.905557491788077359e-02 1.887169439113711017e-02
1.918120558450387564e-02 1.757218385973001104e-02
1.858650698540732088e-02 1.728032835995882768e-02
1.895742204962643299e-02 1.623049517077612691e-02
1.920988995208807587e-02 1.715383017496084975e-02
1.936376387757426584e-02 1.758373184264902175e-02
1.861916897870246126e-02 2.000887324021381752e-02
1.866389669803385221e-02 2.065550370464884836e-02
1.946066800869283159e-02 2.363529375633894106e-02
1.876919208954897292e-02 2.430645745333033167e-02
1.831396939956128622e-02 2.190980138827778798e-02
1.780744401720571815e-02 2.315993325794404173e-02
1.646982582104628695e-02 2.086016578844022626e-02
1.779855025293730283e-02 2.112706457289048947e-02
1.720188986168657772e-02 2.395287900126891537e-02
1.731955789254074549e-02 2.361525042691510132e-02
1.846730202223031622e-02 2.277529058806375059e-02
1.784309847105712207e-02 2.403573079656535008e-02
1.761039405605523828e-02 2.159580416450155443e-02
1.753935060138123517e-02 2.463018155586034832e-02
1.784624204179682816e-02 2.449303751276067295e-02
1.722347313749271469e-02 2.192153797296002640e-02
1.538564957804553456e-02 2.685650298662174695e-02
1.605747742812112591e-02 2.638678891584510591e-02
1.771772670521912924e-02 2.543202861472196319e-02
1.768296296587137245e-02 2.476142581475049634e-02
1.717560511981550478e-02 2.196785640851757829e-02
1.884375787552033943e-02 2.468220286583967804e-02
2.024375607410599381e-02 2.390547903977989844e-02
2.048113262648055058e-02 2.260956315749274373e-02
2.035996765108949794e-02 2.133808999688106486e-02
1.991519203421460507e-02 2.394899259342019374e-02
1.953686916274531560e-02 2.266727350639757138e-02
2.125783882623153223e-02 2.339141680014224234e-02
2.223396386696763205e-02 2.315024913064677239e-02
2.198034683316318905e-02 2.236492363998821356e-02
2.163470051664265897e-02 2.155281560739228872e-02
2.075963954941535336e-02 2.162978944507034512e-02
1.972720049718700713e-02 2.169168269358002707e-02
2.012965723681381033e-02 2.183943254215951757e-02
2.057253409366492647e-02 2.074112155262974530e-02
2.123698625560602182e-02 2.212335940702345530e-02
2.221530167888079860e-02 2.253353501346407051e-02
2.203651453023625084e-02 2.089880541864066327e-02
2.228991614121738490e-02 2.107238020668553494e-02
2.151529053834121130e-02 2.141780394719070696e-02
2.216027117683113529e-02 2.154218199919975471e-02
2.258549613919250132e-02 2.045085493426682458e-02
2.393089518431636142e-02 2.153073252406664806e-02
2.307303751785207135e-02 2.241603630808439857e-02
2.377305687319460070e-02 2.176538688302210450e-02
2.338142417760704500e-02 2.049076535392177836e-02
2.357999127729528549e-02 2.036557093807229643e-02
2.302252635677768181e-02 1.984056123871240015e-02
2.415916762566694409e-02 1.972393237927471191e-02
2.410063342467157893e-02 1.917506154795797432e-02
2.412559728876533666e-02 1.904993893173648201e-02
2.290727111684586273e-02 2.124280790047904793e-02
2.379536590030957577e-02 2.302579401934783110e-02
2.521927105766150548e-02 2.356971751936113788e-02
2.484339001401338065e-02 2.333311266961347885e-02
2.520723382471203033e-02 2.322535034375077662e-02
2.418807248405445767e-02 2.180831830187294346e-02
2.422124028940289900e-02 2.221559961539689571e-02
2.540565932750548858e-02 2.200811999320524334e-02
2.553550644651920304e-02 2.196076496582722443e-02
2.472525989764477045e-02 2.271026966562347121e-02
2.476725481586404889e-02 2.258265715879700930e-02
2.508881724184383252e-02 2.253131249156979654e-02
2.512080688950172822e-02 2.181014842779971374e-02
2.448471333491864313e-02 2.334717161391110241e-02
2.381357834732956980e-02 2.176453091638142281e-02
2.330842633939208750e-02 2.295809687624336681e-02
2.385017248588699318e-02 2.259382815548571788e-02
2.439970294356022182e-02 2.252724018183085639e-02
2.438798418618754946e-02 2.215926458600235918e-02
2.486411352882557727e-02 2.263516055116971543e-02
2.509202783269585610e-02 2.335749035353718375e-02
2.570697508353978616e-02 2.309066258907074842e-02
2.429209011806362020e-02 2.041049931065198539e-02
2.398653921220878990e-02 2.093568592422634378e-02
2.458233480976087029e-02 2.093088652777464267e-02
2.444185174693398396e-02 2.061348683985625777e-02
2.382911457965179378e-02 1.996036454401614937e-02
2.151524354965296537e-02 1.805098196776562525e-02
2.157567166654287411e-02 1.794369032633111663e-02
2.008329917553496047e-02 2.335765720007572377e-02
2.072425582600437993e-02 2.566919365469901709e-02
2.092667812118065296e-02 2.547987357935401626e-02
2.149007543323131625e-02 2.427906298297849083e-02
2.287835262136068970e-02 2.494308050414180411e-02
2.193743161560381474e-02 2.272719748223154049e-02
2.245677013832381858e-02 2.255819285861221032e-02
2.232452244548254958e-02 2.194388923663833160e-02
2.354244552192641046e-02 2.377012353215091425e-02
2.467348359327646568e-02 2.449235435232007332e-02
2.493645544530525074e-02 2.602463432933941473e-02
2.584142770021164576e-02 2.571852912640447061e-02
2.623698261162749415e-02 2.504047705484443304e-02
2.536517933540832770e-02 2.721217896684251930e-02
2.401389092927713048e-02 2.996251600378426611e-02
2.615990847510575590e-02 3.000042154377228695e-02
2.767809125062660469e-02 3.014267327719367950e-02
2.840178874480979790e-02 2.918682581272238896e-02
2.728182235752894119e-02 2.642900208867832862e-02
2.606869274111585713e-02 2.557209855676802202e-02
2.604719931743250047e-02 2.601070433206802840e-02
nan nan
2.635580406648987267e-02 2.647719791534064795e-02
nan nan
nan nan
nan nan
nan nan
nan nan
nan nan
nan nan
nan nan
nan nan
nan nan
nan nan
nan nan
nan nan
nan nan
nan nan
nan nan
nan nan
nan nan
nan nan
nan nan
nan nan
nan nan
nan nan
nan nan
nan nan
nan nan
nan nan
nan nan
nan nan
nan nan
nan nan
nan nan
nan nan
nan nan
nan nan
nan nan
nan nan
nan nan
nan nan
nan nan
nan nan
nan nan
nan nan
nan nan
nan nan
nan nan
nan nan
nan nan
nan nan
nan nan
nan nan
nan nan
nan nan
nan nan
nan nan
nan nan
nan nan
nan nan
nan nan
nan nan
nan nan
nan nan
nan nan
nan nan
nan nan
nan nan
nan nan
nan nan
nan nan
nan nan
nan nan
nan nan
nan nan
nan nan
nan nan
nan nan
nan nan
nan nan
nan nan
nan nan
nan nan
nan nan
nan nan
nan nan
nan nan
nan nan
nan nan
nan nan
nan nan
nan nan
nan nan
nan nan
nan nan
nan nan
nan nan
nan nan
nan nan
nan nan
nan nan
nan nan
nan nan
nan nan
nan nan
nan nan
nan nan
nan nan
nan nan
nan nan
nan nan
nan nan
nan nan
nan nan
nan nan
nan nan
nan nan
nan nan
nan nan
nan nan
nan nan
nan nan
nan nan
nan nan
nan nan
nan nan
nan nan
nan nan
nan nan
nan nan
nan nan
nan nan
nan nan
nan nan
nan nan
nan nan
nan nan
nan nan
nan nan
nan nan
nan nan
nan nan
nan nan
nan nan
2.661717988835201470e-02 2.524597140172998855e-02
nan nan
2.605949982303061574e-02 2.554845302925044109e-02
2.523369921915093184e-02 2.528386899340603899e-02
2.248941193341170292e-02 2.248675626527777555e-02
2.150463592902701268e-02 2.159727642397863898e-02
2.103890227024009241e-02 2.104502477739928282e-02
2.223742787587414116e-02 2.308334669745663870e-02
2.104083978332451851e-02 2.072634544446669280e-02
2.034843888496411235e-02 2.028526070855360755e-02
2.215933749692826013e-02 2.118384218820373172e-02
2.077874388822427421e-02 1.943982946458633343e-02
1.998198057455752991e-02 1.717696493190169413e-02
1.683534963365870482e-02 1.546785079110474248e-02
1.634781251720753351e-02 1.831171386574067389e-02
1.653307466980388774e-02 1.823698805631655470e-02
1.619641824691093676e-02 1.698664728303403773e-02
1.531770564973539660e-02 1.450295704993797771e-02
1.581862816733290225e-02 1.393239508769424789e-02
1.669312137627253570e-02 1.472568745304520324e-02
1.546491750648763298e-02 1.318012997692469268e-02
1.475392453808051056e-02 1.392285781646108306e-02
1.226347879386477380e-02 1.871092411464825994e-02
1.124560545034111909e-02 1.549057792282014512e-02
1.132104094074778272e-02 1.540539668286308207e-02
1.120667961520551911e-02 1.406214332304594333e-02
1.146359474009984829e-02 1.246784378947670725e-02
1.228282464204097889e-02 1.187753548497050803e-02
1.212579864235056176e-02 1.045746871003813694e-02
1.183286253477949627e-02 1.071611321279024656e-02
1.134292373690603400e-02 9.087339208372133617e-03
1.104793651423905884e-02 1.114901708904480863e-02
1.086890637801567021e-02 9.865123891947026602e-03
1.334163779472897007e-02 1.201442586096717474e-02
1.330157072531535159e-02 1.090599580296550825e-02
1.288231738575640675e-02 9.126303608021258881e-03
1.283611401849197621e-02 1.196757977537864746e-02
1.321688335538490078e-02 1.209078515965270051e-02
1.548799233133000934e-02 1.411450485075161319e-02
1.641947010555391134e-02 1.519658228619211356e-02
1.782647679146859981e-02 2.367692405757290675e-02
1.505211506678449072e-02 2.482100189384622846e-02
1.675229010497302634e-02 3.233890170446160339e-02
1.505407111788537554e-02 3.609318159612566468e-02
1.599011939786608091e-02 3.484532005540142557e-02
1.326427503438299543e-02 3.151399111700380062e-02
1.453320887693420639e-02 3.258097609568720576e-02
1.576239212685505778e-02 3.204062259662512208e-02
1.534452547624485727e-02 2.873341448946804474e-02
1.373987513401727159e-02 2.867762008758337200e-02
1.391644121414300356e-02 2.807523024724744437e-02
1.447471601005994278e-02 2.947043279007332747e-02
1.339440883914450910e-02 3.356767793695696056e-02
1.282140620477743159e-02 4.021091014326126645e-02
1.256751504148510314e-02 4.016710890497297154e-02
1.250136524783525618e-02 3.583113847679505332e-02
1.384383906489196001e-02 3.367389845933220494e-02
1.476332658738564903e-02 3.212121870287113629e-02
1.409066096632583150e-02 3.244953409678676126e-02
1.429296486729497891e-02 3.222093352136746330e-02
1.429322074516638751e-02 3.051407532225797886e-02
1.437505050740761278e-02 2.836795646651240482e-02
1.514465572331456789e-02 2.726832087913213729e-02
1.674855953893299512e-02 3.010379748209035533e-02
1.724526849817179311e-02 2.969200238796515859e-02
1.762785449408142344e-02 2.731731592542542206e-02
1.736794395493622412e-02 2.722632727201659483e-02
1.851466509139922112e-02 2.681231995989589306e-02
1.834758088231969522e-02 2.846152746524713978e-02
1.913408722257835953e-02 2.815133029263479011e-02
1.865589291319553339e-02 2.983167424123222763e-02
1.797839202940298975e-02 2.833534134973803020e-02
1.793452016901112694e-02 2.658402140418717613e-02
1.631907161723220381e-02 2.438771411270895806e-02
1.655114076286426025e-02 2.377944894928616174e-02
1.586362747639357210e-02 2.359817046113682482e-02
1.662302148495818990e-02 2.674560928435898086e-02
1.694059516787251030e-02 2.566927720502262117e-02
1.615493528052747152e-02 2.241390043927576209e-02
1.755555319571217021e-02 2.427828724759382301e-02
1.777016485692632652e-02 2.377192979797018713e-02
1.993456161392379022e-02 2.406428474644059512e-02
2.129046355660206558e-02 2.389666554760265862e-02
2.012748633352905853e-02 2.087797927590495650e-02
2.009790059380998917e-02 2.371160835790056196e-02
2.055496956934483796e-02 2.345063465116402693e-02
1.938835420814953234e-02 2.047119310168908288e-02
1.966232643724033849e-02 2.179323563187526153e-02
1.949819183477477513e-02 2.154774880368175854e-02
1.982317851024507915e-02 2.284119751563836939e-02
2.087415641130433569e-02 2.264101873100870729e-02
2.214130874437413368e-02 2.403501952163304353e-02
2.209580554579110637e-02 2.383503417298833693e-02
1.986398059264152596e-02 2.209599066509181087e-02
1.961206401767371862e-02 2.006123230824344988e-02
1.986427384842693808e-02 2.008610164714546079e-02
1.989786650971316767e-02 1.984940347902269808e-02
1.975880760392084365e-02 1.950732293689289715e-02
1.905742480127029653e-02 2.128802537067947878e-02
1.980192290408724215e-02 2.225971182677423041e-02
2.137750648995553199e-02 2.226425649591572478e-02
2.094235030124936420e-02 2.018232297697307442e-02
2.257824201966933050e-02 2.031684704754102219e-02
2.195313629439771611e-02 2.074985881105254754e-02
2.336089375820950970e-02 2.068383667885843880e-02
2.328380399224388650e-02 2.128800022191575103e-02
2.349780716845514816e-02 2.390373740059130447e-02
2.358639811424019170e-02 2.385966760802914199e-02
2.390549573959593194e-02 2.358339249021925918e-02
2.360886046276352429e-02 2.557997412344732713e-02
2.215671054403603457e-02 2.670836195296705240e-02
2.301921507966891295e-02 2.627636199911947620e-02
2.279426351391377129e-02 2.608492346525593045e-02
2.314463718425790323e-02 2.551074924999261959e-02
2.405522026665868340e-02 2.549760345604196871e-02
2.535804631887672231e-02 2.792449372060987894e-02
2.463632824571156468e-02 2.545328029955436222e-02
2.561686323902463702e-02 2.487964346720478864e-02
2.674267426452086802e-02 2.659403158286120436e-02
2.728028844200370076e-02 2.709141898986279842e-02
2.689223502776892302e-02 2.552312187610235664e-02
2.649602965247330535e-02 2.549788625190236094e-02
2.709528519370418831e-02 2.681982106379051517e-02
2.789184469978183215e-02 2.783547065862385442e-02
2.664558709088017327e-02 2.783368541044940400e-02
2.661097386010180185e-02 2.699463659163840040e-02
2.775440807205233756e-02 2.933825145546072738e-02
2.667572698058930450e-02 2.669578523138489701e-02
2.682497982432583902e-02 2.680173032263068883e-02
2.721236418753172209e-02 2.668551260926158367e-02
2.654330658851265790e-02 2.458140340939733715e-02
2.802993268079901831e-02 2.762218563829436924e-02
2.783912534792755064e-02 2.677664012876979777e-02
2.769751365195494142e-02 2.520565522858389529e-02
2.727829432372772672e-02 2.611896627837942408e-02
2.464693183448933220e-02 3.350706965054148223e-02
2.512724794551783949e-02 3.676364940306807438e-02
2.498877493867384877e-02 3.411792548070485126e-02
2.520732329638058350e-02 3.261573329902163476e-02
2.565297260331648316e-02 3.210886949638190602e-02
2.504004501150492931e-02 2.938828467717152781e-02
2.548845183363505906e-02 2.861032676591862209e-02
2.571837469014099167e-02 2.774010871111260226e-02
2.631530929466162350e-02 2.847247482866480800e-02
2.672408747788860423e-02 2.921136807100591787e-02
2.801264383019336224e-02 2.865162990608772706e-02
2.773395034093357331e-02 2.915631863077565791e-02
2.692810667311857850e-02 2.709835009125122901e-02
2.585635450175533326e-02 2.667636650518583757e-02
2.592785649258920813e-02 2.788546850091084758e-02
2.727478758482239363e-02 2.746839081052529496e-02
2.730430499501052335e-02 2.924044227720964256e-02
2.729545508453347022e-02 2.920141794198730101e-02
2.843034119064682258e-02 2.872474932638775097e-02
2.877605043734750637e-02 2.749972240982158367e-02
2.821364150466705231e-02 2.896821361551284169e-02
2.934131304649492678e-02 2.845443758641885007e-02
2.822388191757869980e-02 2.670119251284249276e-02
2.818775088279309310e-02 2.717021165951784278e-02
2.734548940377011864e-02 2.838115917779527111e-02
2.698347135790153672e-02 2.934534646009395037e-02
2.812114047173998668e-02 3.206537764998501627e-02
2.626228218095047473e-02 3.670782371972335090e-02
2.581476478047970216e-02 3.509103392314903008e-02
2.568152861169057527e-02 3.543049395994060657e-02
2.466748300388597534e-02 3.344989794335610778e-02
2.467164204600331284e-02 3.194204442126098026e-02
2.374627815862268010e-02 2.879285735323960926e-02
2.564847413964199338e-02 2.960341822126260833e-02
2.742900612320038276e-02 3.105731225237677237e-02
2.863732757158237580e-02 3.099278145062609943e-02
2.774666711358547699e-02 3.189633512366835816e-02
2.632454953691801269e-02 3.474247757277653531e-02
nan nan
nan nan
nan nan
nan nan
nan nan
nan nan
nan nan
nan nan
nan nan
nan nan
nan nan
nan nan
nan nan
nan nan
nan nan
nan nan
nan nan
nan nan
nan nan
nan nan
nan nan
nan nan
nan nan
nan nan
nan nan
nan nan
nan nan
nan nan
nan nan
nan nan
nan nan
nan nan
nan nan
nan nan
nan nan
nan nan
nan nan
nan nan
nan nan
nan nan
nan nan
nan nan
nan nan
nan nan
nan nan
nan nan
nan nan
nan nan
nan nan
nan nan
nan nan
nan nan
nan nan
nan nan
nan nan
nan nan
nan nan
nan nan
nan nan
nan nan
nan nan
nan nan
nan nan
nan nan
nan nan
nan nan
nan nan
nan nan
nan nan
nan nan
nan nan
nan nan
nan nan
nan nan
nan nan
nan nan
nan nan
nan nan
2.529293186880320413e-02 4.126822981549888719e-02
nan nan
nan nan
nan nan
nan nan
nan nan
nan nan
nan nan
nan nan
2.776363868192288642e-02 4.714140683394900389e-02
2.575838366663555160e-02 5.242726615055410405e-02
2.818254529997199845e-02 5.718453953549869351e-02
nan nan
nan nan
nan nan
nan nan
nan nan
nan nan
nan nan
nan nan
nan nan
nan nan
nan nan
nan nan
nan nan
nan nan
nan nan
nan nan
nan nan
nan nan
nan nan
2.125019519296908466e-02 5.756894494224052555e-02
1.914406258322661619e-02 5.801838872706235190e-02
1.725808736015113296e-02 6.221654985435611657e-02
1.583998672957244100e-02 6.599489486892051726e-02
1.465653463612002182e-02 6.939540538202847164e-02
1.237289264060769355e-02 7.245586484382562920e-02
6.541532585720859043e-03 7.521027835944307793e-02
1.073072691327695005e-02 7.768925052349878735e-02
1.203956710889069609e-02 7.540671797179204772e-02
1.223316420491692494e-02 7.786604617461284628e-02
1.510789825482483986e-02 8.007944155715157608e-02
1.572705083867143375e-02 8.207149740143643291e-02
1.398512814547483822e-02 8.386434766129280405e-02
1.428281627928614829e-02 8.547791289516351587e-02
1.238752808594113797e-02 8.693012160564717039e-02
1.614877527734702445e-02 8.823710944508245113e-02
1.757247052369070861e-02 8.941339850057419825e-02
2.081522347132163872e-02 9.047205865051677343e-02
2.373370112418947755e-02 9.142485278546511052e-02
2.386354679285575264e-02 9.228236750691859447e-02
1.647719211357017571e-02 9.305413075622673280e-02
1.615089904135067270e-02 9.374871768060405453e-02
1.410183972655281240e-02 9.129746684549980285e-02
1.262527623757163202e-02 9.216772016094981756e-02
6.362748613814467671e-03 9.295094814485482804e-02
7.759566874549113542e-03 8.725221751938969095e-02
1.042304743465898367e-02 8.127346732455842382e-02
1.309546914797118065e-02 8.314612059210257922e-02
1.268010477255516848e-02 8.171000478681356149e-02
1.333769512265872703e-02 7.809397432629870683e-02
1.495372822878044197e-02 8.028457689366882977e-02
1.414961887039496193e-02 8.213684331719997567e-02
1.283370855000745200e-02 7.564348548984889398e-02
1.333877606448831236e-02 7.463377254579985076e-02
1.440942056838729821e-02 7.062977323408782537e-02
1.366587434816821101e-02 7.222010974197229372e-02
1.425540022227347187e-02 6.732970090477076452e-02
1.578576335091877794e-02 6.834010766000159220e-02
1.715281761348710909e-02 6.543380815288342423e-02
1.409822392383437706e-02 6.327147285424369882e-02
1.520728265797524799e-02 6.203364020015724595e-02
1.190558312576070303e-02 6.101545844730320994e-02
1.190262855180212673e-02 5.489083353949528871e-02
1.194056718708029485e-02 5.171289825538664953e-02
1.233086668844312478e-02 4.832016006590365148e-02
1.323102461652898507e-02 4.645285959917152402e-02
1.364947644740401207e-02 4.209973482738158662e-02
1.265122738827824389e-02 4.107792355247173038e-02
1.143922551275394425e-02 3.814324628356684926e-02
1.129351808287866465e-02 3.420422298911154207e-02
1.068869611547010497e-02 3.052292289749684168e-02
1.122054879929002338e-02 2.755562832074487378e-02
1.379748112221118941e-02 2.690786418205369165e-02
1.335025443538290051e-02 2.479719033265063988e-02
1.400323554666900623e-02 2.385578112634394177e-02
1.349694841430000049e-02 2.628734161683101214e-02
1.461637654986152300e-02 2.471671904288950603e-02
1.480451368530032175e-02 2.302166815382050355e-02
1.545681732068147039e-02 2.239348561775655194e-02
1.445456207488425918e-02 2.319815344856451106e-02
1.565774530200340214e-02 2.192744443539023161e-02
1.612233679748714676e-02 2.259658572551665953e-02
1.632057783249064170e-02 2.361355186629377281e-02
1.547268066687050407e-02 2.142174221108959428e-02
1.411221186383101664e-02 2.248405123629186597e-02
1.415065846287695897e-02 2.128635242459966936e-02
1.473455931474691900e-02 2.168635960743889313e-02
1.483914521247684144e-02 1.950795155697981897e-02
1.551931367918137940e-02 1.831303642183593899e-02
1.602334668939214488e-02 1.892837668451906666e-02
1.595971940418896770e-02 1.801956813681597144e-02
1.647256638333064252e-02 1.686732541573093824e-02
1.614598935584823924e-02 1.765733473455587121e-02
1.746622903585210232e-02 1.883153422785932563e-02
1.759866631218616126e-02 2.002912664037041074e-02
1.939486894752596308e-02 2.267146524862809903e-02
1.870917884795125427e-02 2.183268269113206386e-02
1.902870818583878368e-02 2.097290806223606890e-02
1.904771121286045338e-02 2.225727542881770007e-02
1.696544162841224709e-02 2.183188465530133682e-02
1.723762322555804499e-02 2.309953669257115011e-02
1.764299550390676513e-02 2.525106199293801479e-02
1.834252287549827110e-02 2.385720857819182555e-02
1.885141453082463808e-02 2.361713864556393497e-02
1.937835326766554692e-02 2.373976326697953623e-02
