-3.524676782587722081e-03 9.667982955657063171e-02
-3.524676782587722081e-03 9.667982955657063171e-02
-1.672838623612072631e-03 8.969903324029772362e-02
-5.009944186487532997e-04 8.533643351650911646e-02
4.972187311546802119e-04 8.088581266234042000e-02
2.243568337765248100e-03 7.301027295394198202e-02
2.701913465155999020e-03 7.570924565854778021e-02
2.840494998903318833e-03 6.917834078662339625e-02
3.949243618521319082e-03 6.768849419983803684e-02
4.699574869223117728e-03 6.075428687903693808e-02
5.400872171861212032e-03 5.886173353501982647e-02
6.005036298237564907e-03 5.730093196573527586e-02
6.220675939157727444e-03 5.263908473964851870e-02
7.279270920450589891e-03 5.182935734171242870e-02
8.703435790572044278e-03 5.290700215112304622e-02
8.769819636065139673e-03 5.178961776291878677e-02
7.339611388522889433e-03 4.972558391639395753e-02
7.680920390551702025e-03 5.377700938971532313e-02
7.675423645965458001e-03 4.915534779474815125e-02
8.293214691804152300e-03 4.867452037766059614e-02
9.228328940830051938e-03 4.821315912112268676e-02
9.899641701733579921e-03 4.734554341588105564e-02
1.021534565516114476e-02 4.686230465166742187e-02
9.965355602214797520e-03 4.151068552595756772e-02
9.726217386325062761e-03 4.147742714794619423e-02
1.028017531968482452e-02 4.382174892833983620e-02
1.141614180742991404e-02 4.528055091830840428e-02
1.200644267519928969e-02 4.675456220677090546e-02
1.314725616552423967e-02 4.943108478340993428e-02
1.272622534413204304e-02 4.658074249761021829e-02
1.285317149718771639e-02 4.598538910775974015e-02
1.307563068941441052e-02 4.401917325740731246e-02
1.337309968540608025e-02 4.473306088475076381e-02
1.371475757549803567e-02 4.408639032814373748e-02
1.413564831625161063e-02 4.465203475634131614e-02
1.473904349371661301e-02 4.493549506233297103e-02
1.478080905940363371e-02 4.472946082027636633e-02
1.434675380204867255e-02 4.473729930735517724e-02
1.416553861286976197e-02 4.423344345169343689e-02
1.371366248535453060e-02 4.937466946070363794e-02
1.404441795813627346e-02 4.585647590941496071e-02
1.357239470283001966e-02 4.632716483546396591e-02
1.419153848760787255e-02 4.732075804758105464e-02
1.409195027557042651e-02 4.518921348842409869e-02
1.460557189370653361e-02 4.483749904730700148e-02
1.412228999161658019e-02 4.342834603398613991e-02
1.506433752980902707e-02 4.541447328847494913e-02
1.470230359661762326e-02 4.518485190937748114e-02
1.392836316466796245e-02 4.480015271942199007e-02
1.377921818296669668e-02 4.441014995924242453e-02
1.386501700077988342e-02 4.425828996724481129e-02
1.421563035717932945e-02 4.326884144225725398e-02
1.371488417560953917e-02 4.196889509180402184e-02
1.324356879067723446e-02 4.013521858052577357e-02
1.287211752831598881e-02 3.795335795239353910e-02
1.313073820093254782e-02 3.871522676768424098e-02
1.322405873515361541e-02 3.877820996412503773e-02
1.292350730138578166e-02 3.824663224917990156e-02
1.366210254485475048e-02 3.969542833919170038e-02
1.294222340204511171e-02 3.904589350677568210e-02
1.301835233289568190e-02 3.898336109879667333e-02
1.390911267353655938e-02 4.044395664024819093e-02
1.454728945649481388e-02 4.168084185634610139e-02
1.457173413001288352e-02 4.129964716761863608e-02
1.478499572633123343e-02 4.167319328591118782e-02
1.465314576279233040e-02 3.895386421147074146e-02
1.504550327132197877e-02 4.160822057214168951e-02
1.548480240341677805e-02 4.133363945101729137e-02
1.538741851536117554e-02 4.103412263976142366e-02
1.558500083812869655e-02 4.094232654790026099e-02
1.548210804443188489e-02 4.053860566580710922e-02
1.503309822683105909e-02 4.388742996682659658e-02
1.461521956970360421e-02 4.340365265491871044e-02
1.466220493310520928e-02 4.410333657762954135e-02
1.432287419777408810e-02 4.238057363473567152e-02
1.483519686866200185e-02 4.172046018247285021e-02
1.487824996280748269e-02 3.999231441065579512e-02
1.462397372760702863e-02 3.944792602239173551e-02
1.453914039281789354e-02 4.026775582455142943e-02
1.415265814548963795e-02 4.023136072524100687e-02
1.384232012802945853e-02 4.025163337231799088e-02
1.415187951711691268e-02 4.342240787115236866e-02
1.444839744045823757e-02 4.007387866429952539e-02
1.517284866311162557e-02 4.312748185741834689e-02
1.461101286632770016e-02 4.201044464425077174e-02
1.394541426031177533e-02 4.317356666186995817e-02
1.440566654913371866e-02 4.523893836851291400e-02
1.425197023542514041e-02 4.593404381360832733e-02
1.440957815344919013e-02 4.482833343723686970e-02
1.534110922830824418e-02 4.189677292877459075e-02
1.585358948429285708e-02 4.321166305433555427e-02
1.409771067061508544e-02 4.257420961059588116e-02
1.435752023780196771e-02 4.302072713673359139e-02
1.447391284174035994e-02 4.360829742654551144e-02
1.466993494897683367e-02 4.361128561654482871e-02
1.421870646852032259e-02 4.403357331910202205e-02
1.497092581171086123e-02 4.447692858845306990e-02
1.296890820426243977e-02 4.371559482536600816e-02
1.351709883089584341e-02 4.320703867809135013e-02
1.331038663227729867e-02 3.865226446048679321e-02
1.330762835979106863e-02 3.874527338130709375e-02
1.236987141894837355e-02 4.182563595986708849e-02
1.412468999691165843e-02 4.764307236388038574e-02
1.435527018529109307e-02 4.749440462988579331e-02
1.429934118415117708e-02 4.753153811499499087e-02
1.503041436229866044e-02 4.575926463981666581e-02
1.401679212962254721e-02 4.852931738764400954e-02
1.508508070628533128e-02 4.918230066676943651e-02
1.484278061941838971e-02 4.911353114357289162e-02
1.579273474296901889e-02 4.832145980560133280e-02
1.691516656475026623e-02 4.678206466277527731e-02
1.734888659540425801e-02 4.886549974263568186e-02
1.769335672446585919e-02 4.511923446181242275e-02
1.713987476767579732e-02 4.444591566924429443e-02
1.716367620183829185e-02 4.102272000383476447e-02
1.621032570086898897e-02 4.068661713946643277e-02
1.564647579928677562e-02 4.236091298446123532e-02
1.540310410130223823e-02 4.277986037431510263e-02
1.537184704375047645e-02 4.193895825343478545e-02
1.520769315589675513e-02 4.242596244674463196e-02
1.473083686843689594e-02 4.059217856741838271e-02
1.438099586632819900e-02 3.611998348877547976e-02
1.252658894505896681e-02 3.490726259938568138e-02
1.320696363036204420e-02 3.582555737548134833e-02
1.345968098849990510e-02 3.484591335110635152e-02
1.333066414622176635e-02 3.558802897360193590e-02
1.197256970357242663e-02 3.583091933560765552e-02
1.244554519637191235e-02 3.714682217164420180e-02
1.269540499212974162e-02 3.705837639074262280e-02
1.268446710081982606e-02 3.826890902504971603e-02
1.247574957926120623e-02 3.922390121515420547e-02
1.264984944642961844e-02 3.798273106122061066e-02
1.235087170993885534e-02 3.773276271051774489e-02
1.195737231098293642e-02 3.635102998476301417e-02
1.186150586905491966e-02 3.310432855698947074e-02
1.312945486653053703e-02 3.093204097716554732e-02
1.317064480050910216e-02 3.046899276650138003e-02
1.274399082764448264e-02 2.997616520263926207e-02
1.283635411852541465e-02 3.143582192526137714e-02
1.393796724232882096e-02 3.064025720713195455e-02
1.392468558487231813e-02 3.163682638312821649e-02
1.398324146814462765e-02 3.238659450712005894e-02
1.347504118576776239e-02 3.415117517979990303e-02
1.389182347234908625e-02 3.534121649322143760e-02
1.367268707243234419e-02 3.581108280260337368e-02
1.337132029584091331e-02 4.222997452234304033e-02
1.280832508439661357e-02 3.950939350856307042e-02
1.301709761308143809e-02 3.892071912015383078e-02
1.406883475686699844e-02 3.804550574951866965e-02
1.507761618097802972e-02 3.526263888709103844e-02
1.623457121622122121e-02 3.531442541695063719e-02
1.561623182393371417e-02 3.604452544904506589e-02
1.605854624250853055e-02 3.782064024393947538e-02
1.615430068685053469e-02 3.558221198066172097e-02
1.522552606291140143e-02 3.521645197816378192e-02
1.589849448047488123e-02 3.553483241859971276e-02
1.481742111387994963e-02 3.804092831024259019e-02
1.502329331080140204e-02 3.935685619034379190e-02
1.531475997894931641e-02 3.879999488501895133e-02
1.567343445939055682e-02 3.977216580569227500e-02
1.519325289162070866e-02 3.538967252551047243e-02
1.504886429179672774e-02 3.641010804745499485e-02
1.450522206960655307e-02 3.761922563900454985e-02
1.455676489474799426e-02 3.666321481893817374e-02
1.438058608652353736e-02 3.403514580140094836e-02
1.340540249745716776e-02 3.606801016244817748e-02
1.388520547383434098e-02 3.696101535168311303e-02
1.403674804577611374e-02 3.546103360276106620e-02
1.446462595474733680e-02 3.525947394402602353e-02
1.429951247047211819e-02 3.478901860517665673e-02
1.402890587852426672e-02 3.578827792710908423e-02
1.300707444374714188e-02 3.723662448527355340e-02
1.317607517519623142e-02 3.764745336812320986e-02
1.323227521897500994e-02 3.391069504357344111e-02
1.325661919827420682e-02 3.524646672613459403e-02
1.360275351673165961e-02 3.443644588038190235e-02
1.331824207291563457e-02 3.630606383773638673e-02
1.343860253574488683e-02 3.725373596888487820e-02
1.201579413125989163e-02 3.222258087457622461e-02
1.139545362432530830e-02 3.390653344852807838e-02
1.244127666524367376e-02 3.904016886347031617e-02
1.267427412100378091e-02 3.847314423737539790e-02
1.325103726979337190e-02 4.073902465667548350e-02
1.364784869727447489e-02 4.555092331877449996e-02
1.423369130324726728e-02 4.477921290628007756e-02
1.461569252733190515e-02 4.398149339057720597e-02
1.524361686251935952e-02 4.350586509376407757e-02
1.573356193570953077e-02 4.347319426649941254e-02
1.536046614120090310e-02 4.401692376885116276e-02
1.691721156646719404e-02 4.804296746807218410e-02
1.782784673314679116e-02 4.691959927037954448e-02
1.986081067009884751e-02 5.222763934334159058e-02
1.977862091051675944e-02 5.132365059443955851e-02
2.037603937821649835e-02 5.414746934940036643e-02
1.927114527164361726e-02 5.232393246785909530e-02
2.105163155443133885e-02 5.543352138429259723e-02
2.047063057923097576e-02 5.391777334902809332e-02
1.982614529100319017e-02 5.198768082882942315e-02
1.755887908995379387e-02 5.678891274594648209e-02
1.767094226701477686e-02 5.145752982844787465e-02
1.597265239682792853e-02 5.165674235141326509e-02
1.597705376305771224e-02 5.256064636211006669e-02
1.616191886311376530e-02 5.245719845968822848e-02
1.555900944038896179e-02 5.137004442342323757e-02
1.557602946955112880e-02 5.046246072652824793e-02
1.559175478003450507e-02 4.918478352839829315e-02
1.584075851268124113e-02 5.028935839037096400e-02
1.767395726860573890e-02 5.227485274425253126e-02
1.696393269117516325e-02 5.212234561629416202e-02
1.685882627602329487e-02 5.128758961645259185e-02
1.604881938382188636e-02 4.975178952823337830e-02
1.639845787319758538e-02 4.965511249580847886e-02
1.618830891479579662e-02 4.787041068128423255e-02
1.629867115945662220e-02 4.820093453236105191e-02
1.394772879020232670e-02 4.715255147330507657e-02
1.368778672598054344e-02 4.799415355529995653e-02
1.415582761926074441e-02 4.568321255908735362e-02
1.213027783754730936e-02 5.096034791442124318e-02
1.257563008907292695e-02 5.207314498132972758e-02
1.225618768053914932e-02 4.892268568016571589e-02
1.236275892010128656e-02 4.749229946897474269e-02
1.341607197632893253e-02 4.490389043866739593e-02
1.179535891696399663e-02 4.333721724986039359e-02
1.332466126144045762e-02 4.230761635473450494e-02
1.178871130370694360e-02 4.561731811259119029e-02
1.155972827487581310e-02 4.822610698385060291e-02
1.212114763528983168e-02 4.798605809102483161e-02
1.128545100165767590e-02 4.779144996270594942e-02
1.209834267125922160e-02 4.771924230101599884e-02
1.048081479425826308e-02 4.519401217293073092e-02
1.274030019518361187e-02 4.459961878949852271e-02
1.339067944015193135e-02 4.087910928530465171e-02
1.439736393414271440e-02 3.759171388325330959e-02
1.496981426966600276e-02 3.635185972329989940e-02
1.523761527697568147e-02 3.550064649171745523e-02
1.644878881314578573e-02 3.789216044174362891e-02
1.664356639710042052e-02 3.501706977967818796e-02
1.859707891617840003e-02 3.353360331684297757e-02
1.849173061007958543e-02 3.525742122970887404e-02
1.746638121362077689e-02 3.444260937406116302e-02
1.782634615649870621e-02 3.740431474095017028e-02
1.672741389264633532e-02 3.424207944651289776e-02
1.593348371818635589e-02 3.117206354485616004e-02
1.707893641711133448e-02 2.953567143548883542e-02
1.985935768346077865e-02 3.190872483985527502e-02
1.939460234745772615e-02 2.946518252401575041e-02
1.925464156414588221e-02 3.482270062900235524e-02
1.977751547542817151e-02 3.548645966064835344e-02
2.170201491456356935e-02 4.088395427322575465e-02
2.220333302594778083e-02 4.291321937036700340e-02
2.151547654608839885e-02 3.994093868689423815e-02
2.049186749930417828e-02 4.594684481820481697e-02
2.124854278132318544e-02 4.599581233189849877e-02
1.941287444416683536e-02 5.139623109870865292e-02
1.968435977176624316e-02 5.625660798883778957e-02
1.943426133003186770e-02 6.063094718995401533e-02
1.842261623190468225e-02 6.456785247095861435e-02
1.787516896656312845e-02 6.267493703476310907e-02
1.688228598811698095e-02 5.589919454645940478e-02
1.692156558959089299e-02 5.459869706468047090e-02
1.774277499337100286e-02 5.301220669282897396e-02
1.771999959041539729e-02 5.062668523324392184e-02
1.662538650047719335e-02 5.556401670991953368e-02
1.996284785042947568e-02 6.000761503892758364e-02
2.296656306538652839e-02 6.400685353503482444e-02
2.209820174629698389e-02 6.196332739371038928e-02
2.200825632544218396e-02 6.012813428106170144e-02
2.104373305821939308e-02 5.839942271194465545e-02
2.150082385324394302e-02 6.255948044075018699e-02
2.238081627393220807e-02 6.224280377790645385e-02
2.222232018316077501e-02 6.601852340011581111e-02
2.339088798672630740e-02 6.941667106010424027e-02
2.238326251445377224e-02 6.425663991192807900e-02
2.044946930979950686e-02 6.009167493197845739e-02
2.340452237881955611e-02 6.408250743878060596e-02
2.405450764261743424e-02 6.767425669490254037e-02
2.281842044702304950e-02 6.538631062820376982e-02
2.096440261172035496e-02 5.970420325856917038e-02
2.264155860270181120e-02 6.373378293271225736e-02
2.262733135741207616e-02 6.194247631323638453e-02
2.276653049366855752e-02 5.783344858478847023e-02
2.127000122263321413e-02 5.574565479889596192e-02
2.036405058134176105e-02 5.339506715338111081e-02
1.991470196379878030e-02 5.203256543073250806e-02
1.794060687000002124e-02 4.609576358243131639e-02
1.815055092533984435e-02 4.888015304027257257e-02
1.763608972753492529e-02 4.488172972704824321e-02
1.717990813645850490e-02 4.182529366806632398e-02
1.554431596767174954e-02 4.386313297850881476e-02
1.534598034762649221e-02 4.162971012614229138e-02
1.620155823653226732e-02 3.939547509478039111e-02
1.473778616726749598e-02 3.867764548004407055e-02
1.468315666805146760e-02 3.664255095127688655e-02
1.502826201027581202e-02 3.774498875310480783e-02
1.365277239026511068e-02 3.719327965193280211e-02
1.330404660574375543e-02 3.591535726989384530e-02
1.403825054698764306e-02 3.694906509827613345e-02
1.436720909273342221e-02 3.656568566021899808e-02
1.379383017866781490e-02 3.621006443789361040e-02
1.453905623099296419e-02 3.429309190007399921e-02
1.309079977281952557e-02 3.550315479308750743e-02
1.376369959409557038e-02 3.510066144922565495e-02
1.317082608517893862e-02 3.994742415469891561e-02
1.198230602592684386e-02 4.595268173922902738e-02
1.314906414657610566e-02 4.807094378028638204e-02
1.445728246534378272e-02 4.680579838502459122e-02
1.547875926706014649e-02 4.477024928921596869e-02
1.342986503954539043e-02 4.277760671951846838e-02
1.274121398746032134e-02 4.656543655365962681e-02
1.181685641953380585e-02 4.659854493778681911e-02
1.130413967545872145e-02 4.598575221944833230e-02
1.130494420721488320e-02 5.095183995403802096e-02
1.170605690596021077e-02 4.892589278195916963e-02
1.205437211631287323e-02 5.054944135001537830e-02
1.233225452290494240e-02 4.897205863334278680e-02
1.609902907061444913e-02 5.407485277000850799e-02
1.549858358600929818e-02 5.597121702288262307e-02
1.419018756109616079e-02 5.432861986958330280e-02
1.465359328233934062e-02 5.480741988873726739e-02
1.064961327061981350e-02 5.932667789986354606e-02
1.078551703160730672e-02 5.728199268331632399e-02
1.101767974651265969e-02 5.578423786519178668e-02
1.155407861910669708e-02 5.706028500967282729e-02
9.094622150816123601e-03 5.141046371779230129e-02
9.994028469294249581e-03 5.345434966627980039e-02
1.004626008585793664e-02 5.035801705073609386e-02
1.048371744985107136e-02 5.532221534566248572e-02
9.847563264543061218e-03 5.102240861512176429e-02
1.167138721497600756e-02 4.712985476421944347e-02
1.262441022659832601e-02 5.072328742078815317e-02
1.117895203349286194e-02 4.743402190841237986e-02
1.020913682966705267e-02 5.091927152389086331e-02
9.505637732210536067e-03 4.965520226249499347e-02
9.566912140960641062e-03 4.850602067703158049e-02
1.045281755658882331e-02 4.930879210196498219e-02
1.095743320608167683e-02 4.839813411830403561e-02
1.110843360962524180e-02 4.926947338844144680e-02
1.085541772408592925e-02 4.792355054559988697e-02
1.106382857646998584e-02 4.728652615195380604e-02
1.119384252329169716e-02 4.705394829345359298e-02
1.122035916854962137e-02 4.310734809360169256e-02
1.161488988910549212e-02 4.388624963788273492e-02
1.072871161558515245e-02 4.107384482456816893e-02
1.130999318235916332e-02 4.485312135877971701e-02
1.125523999443278113e-02 3.984580403543228067e-02
1.196549585368547781e-02 4.246204209882119274e-02
1.265405757575816491e-02 4.007865196591992724e-02
1.241891679328310620e-02 4.096666815935828820e-02
1.230465526728402419e-02 4.092007124070188434e-02
1.269865765664198072e-02 4.019391297787853340e-02
1.246530850826011762e-02 3.963394164887591720e-02
1.398321935645466599e-02 4.450954078818628729e-02
1.371997290408770269e-02 4.326080477962638421e-02
1.273544585549267992e-02 4.543132664528341802e-02
1.099923507749443231e-02 4.736825824196100321e-02
1.072300274084137493e-02 4.649521408065870193e-02
9.867699534265422442e-03 4.188059591789593250e-02
1.242200388655730764e-02 4.340768694019689344e-02
1.268458905388033901e-02 4.314985536410297084e-02
1.288460603144471819e-02 4.550975401771097800e-02
1.367338162665692608e-02 4.452226929227277863e-02
1.380902316274124075e-02 4.563592304727110555e-02
1.518122737035386763e-02 4.709594008271208998e-02
1.547829833930129163e-02 4.350065461892003299e-02
1.466263957110877127e-02 4.243620947669512339e-02
1.681502976631822632e-02 4.479242971600767842e-02
1.856217806236909809e-02 4.303672205213354696e-02
1.984157017666487652e-02 4.767144921341587988e-02
1.905784725910959418e-02 4.683113505748970340e-02
1.871802917143973455e-02 4.562444914365812454e-02
1.936254107500206059e-02 4.608178221947528685e-02
1.902887769076423014e-02 4.464873953441732268e-02
1.969512682596493217e-02 4.489594316247581124e-02
2.007560178189388145e-02 4.387004657812480779e-02
1.963518383325897967e-02 4.143768994562891522e-02
1.985666092991712414e-02 4.204213178465442124e-02
1.932960656124220467e-02 3.986411326300933616e-02
1.891382525749498236e-02 3.966321890052321164e-02
1.940423969108975855e-02 3.866718755294716592e-02
1.916615736509511003e-02 3.730085459666115238e-02
1.904508432802394513e-02 3.804675448061593107e-02
1.916485428114388101e-02 4.014220066786605701e-02
1.885274345718265104e-02 3.800896254225425569e-02
1.981965659336561159e-02 4.420806628802883415e-02
1.947338306969867081e-02 4.446388271245194090e-02
1.893563933279783160e-02 4.476467689976432185e-02
1.948691168670911231e-02 4.341944389823204631e-02
1.847332369509966168e-02 4.156891849806944317e-02
1.999245085782713066e-02 4.239250645588639455e-02
1.951659375448246136e-02 4.115696793456887631e-02
2.002393512507249021e-02 4.228140682815662715e-02
2.017192501257080231e-02 4.313424507237327565e-02
2.017246773533158330e-02 4.199180423715072330e-02
2.052943098113821016e-02 4.308548980165278347e-02
1.923264634336862428e-02 3.962749731852061030e-02
1.849292743255523397e-02 3.847112100737589552e-02
1.878320510584465669e-02 3.872056816945589758e-02
1.990365888979900993e-02 3.649051824068627603e-02
1.885974482120125403e-02 3.933573161521678602e-02
1.920204477360685363e-02 3.882489797731034087e-02
1.872456429788323454e-02 3.980432608868814115e-02
1.910275873097901783e-02 4.295765528397732513e-02
1.944182466478099058e-02 4.263238416930502372e-02
1.986239459065351418e-02 3.971933193989412442e-02
2.160016812067490702e-02 4.162550074172323422e-02
2.066118054039118093e-02 3.951045802870121332e-02
1.990068747907491539e-02 4.015052826073738090e-02
1.806407616687606341e-02 4.031993483445409782e-02
1.882947526000449540e-02 4.219286679681882174e-02
1.903908185210353640e-02 4.239324701867698553e-02
2.002275006295507059e-02 4.269556292063163977e-02
2.051431940677430135e-02 4.535497272152842763e-02
2.041559562761239774e-02 4.565240592305649936e-02
2.077514048689958759e-02 4.585484596978711691e-02
2.057965642752609958e-02 4.537791142249608667e-02
2.136544488875289152e-02 4.791784532835666188e-02
2.154688254893759661e-02 4.701221204489977601e-02
2.062146472499593736e-02 4.632105621105091220e-02
2.036444356844105755e-02 4.534132768456735491e-02
2.045792222338057090e-02 4.650691148656843632e-02
1.963087595016893561e-02 4.410494746586934856e-02
1.988388775211973047e-02 4.430104721747845503e-02
1.966646045738307952e-02 4.669301809389325708e-02
2.083973803845477757e-02 4.851646290810589235e-02
2.156218437813710309e-02 5.077337232768776298e-02
2.105230591887544134e-02 4.809416265156907233e-02
1.946964499903193827e-02 4.642528295792305165e-02
1.817733763452951401e-02 4.448755118420345128e-02
1.771312399966566350e-02 4.241775158475367957e-02
1.873938765256962652e-02 4.517051249075383634e-02
2.159504616193897233e-02 4.967524433205575823e-02
2.130935623076556790e-02 4.829967715306936193e-02
2.135199284732701083e-02 4.872338479368935188e-02
2.005234025448350901e-02 4.417206984434735029e-02
2.050518075776076518e-02 4.683611500533084449e-02
2.029964892305710991e-02 4.698272151649773160e-02
1.957143756822589051e-02 4.208973960387088487e-02
1.906008754721366660e-02 3.803173781541997062e-02
1.902596158094467180e-02 3.875115948875512695e-02
1.819469137599828701e-02 3.883164121687492087e-02
1.708781872014595443e-02 3.628350573058190115e-02
nan nan
nan nan
nan nan
nan nan
nan nan
nan nan
nan nan
nan nan
nan nan
nan nan
nan nan
nan nan
nan nan
nan nan
nan nan
nan nan
nan nan
nan nan
nan nan
nan nan
nan nan
nan nan
nan nan
nan nan
nan nan
nan nan
nan nan
nan nan
nan nan
nan nan
nan nan
nan nan
nan nan
nan nan
nan nan
nan nan
nan nan
nan nan
nan nan
nan nan
nan nan
nan nan
nan nan
nan nan
nan nan
nan nan
nan nan
nan nan
nan nan
nan nan
nan nan
nan nan
nan nan
nan nan
nan nan
nan nan
nan nan
nan nan
nan nan
nan nan
nan nan
nan nan
nan nan
nan nan
nan nan
nan nan
nan nan
nan nan
nan nan
nan nan
nan nan
nan nan
nan nan
nan nan
nan nan
nan nan
nan nan
nan nan
nan nan
nan nan
nan nan
nan nan
nan nan
1.998614787536522747e-02 4.265515515752371645e-02
1.638991492981778028e-02 3.860019206329450697e-02
1.516003464728094864e-02 3.415410026556899709e-02
1.152386769729412362e-02 3.192812392589728515e-02
1.003932013536068361e-02 2.890808387187188827e-02
9.621632973241209599e-03 2.644267693012057260e-02
8.811198683139745413e-03 2.307519852942066865e-02
5.439386451869488923e-03 2.513066794673883553e-02
5.736933923892573173e-03 2.636170584921521814e-02
4.399671821109257808e-03 2.721921123312170260e-02
4.058335817411920857e-03 2.810105532328992933e-02
3.225818428670012335e-03 2.619460673079038182e-02
5.022842794635535776e-03 2.794242875211587485e-02
7.171383163788539079e-03 3.273977258023976628e-02
4.829350608716576759e-03 3.124803169519201410e-02
7.068546684974643182e-03 3.812322852567281983e-02
5.077916168506110134e-03 3.468954964397900909e-02
7.368687368757823389e-03 3.643728209179287331e-02
7.748090714885851917e-03 3.660031870785773744e-02
9.817859527494721475e-03 3.954847614081616336e-02
8.907150115983185693e-03 3.749301020843099491e-02
8.847072376559017570e-03 3.643513937465898272e-02
8.224136008266668546e-03 3.410422423184254065e-02
5.961995503003735333e-03 3.096763776125270248e-02
6.217660978239752945e-03 3.295276305258570265e-02
3.186106085441012519e-03 3.259675484240144583e-02
3.748603672659269956e-03 3.394973254581103161e-02
5.550205463157480146e-03 3.553673016178979238e-02
6.154588837284724091e-03 4.198305714561081925e-02
8.002979125136176070e-03 4.778475143104973788e-02
9.651831140982929796e-03 4.831159596507521997e-02
9.403040948358100046e-03 4.311721186780641951e-02
9.769576681844971411e-03 4.880549068102577742e-02
6.540765289933104035e-03 4.627031499995663821e-02
8.537982896523120882e-03 5.164328349996098050e-02
9.143039860162056540e-03 5.018294306577708586e-02
8.743592350991166370e-03 4.564973756098871654e-02
1.104022296459460442e-02 5.079945229164915116e-02
1.082226668056977120e-02 4.763607593048863054e-02
1.005857385980288635e-02 4.536270673346897570e-02
9.831265750762797906e-03 4.587685233031618681e-02
9.205852863101014749e-03 4.393288299769486371e-02
9.689445634572605923e-03 4.421519421068983297e-02
8.059763049038977042e-03 4.234786285604630329e-02
8.368574718390307463e-03 4.028493677387769145e-02
8.058621712150441235e-03 3.907180432340126575e-02
9.574487356965069931e-03 3.862879849895276690e-02
9.527032315954780950e-03 3.743342307352025278e-02
9.556622261705973592e-03 3.994863051430868478e-02
5.996235942647509462e-03 3.754269902478225840e-02
5.551455139214746780e-03 3.585666558319269837e-02
4.392426986260378544e-03 3.941491175645841366e-02
4.377125428534404949e-03 4.230846147182823480e-02
6.090625279280253990e-03 4.090675152223530869e-02
5.621562434908197216e-03 4.096036899265543402e-02
5.602727096257515901e-03 3.902074557149881606e-02
5.501507382508228315e-03 3.955169259398626930e-02
3.805936854956078370e-03 3.629539930847978241e-02
4.623182345254672927e-03 3.685368042694518731e-02
5.389532053101724236e-03 3.645910737714261329e-02
5.435205435387667136e-03 3.738634535249318880e-02
5.978655072590842445e-03 4.231355108452063141e-02
6.680185539034003139e-03 3.796619058745889091e-02
7.075113535605266797e-03 3.653877600227564693e-02
7.156407281277909864e-03 3.655638515918156750e-02
6.030011124410967691e-03 3.293682046089455723e-02
7.307645564168898863e-03 3.213801992208481506e-02
6.600284807798237688e-03 2.957405909168547495e-02
7.729275574410456560e-03 3.190696899967285227e-02
8.005965470720738733e-03 2.820182204774650953e-02
6.689947958043502077e-03 2.880860715903140953e-02
6.338499939847275569e-03 2.810289212660502245e-02
7.291037178490010311e-03 3.078430099314542409e-02
7.718962485170586217e-03 3.092151062052221622e-02
8.031636864634135106e-03 3.307617185575485730e-02
8.261838198432033473e-03 2.978118115416553136e-02
8.868209059636013303e-03 3.029745433591043979e-02
9.110676695978406694e-03 3.171620556936237401e-02
7.583947984546940239e-03 2.862619361674224525e-02
7.702027265093678958e-03 2.847501498948694365e-02
7.003807324743996365e-03 2.855240951362049764e-02
7.152025712933181463e-03 2.937376317537095452e-02
7.725761172273798785e-03 3.191886779962962301e-02
7.719907618185041162e-03 3.476790351808117796e-02
8.847061762056357068e-03 3.623677712024822584e-02
9.147885733168258440e-03 3.740367410092358680e-02
8.456426206986911512e-03 3.568213347542841668e-02
8.240010306975647028e-03 3.677734460047439591e-02
7.194518487644111296e-03 3.546011451315411733e-02
7.547625699376748001e-03 3.573649318476365688e-02
6.950056699966631994e-03 3.553045185947979745e-02
7.376888035791071344e-03 3.594982204669014414e-02
5.389250385231799528e-03 3.241760087955205399e-02
5.964927881436313771e-03 3.264124296238105072e-02
8.019602836714294011e-03 3.626335771985515766e-02
8.661264593632974490e-03 3.457677788042070460e-02
9.062934207607490147e-03 3.531544721534275733e-02
9.738038540021160677e-03 3.359203321392952024e-02
1.066155706888869369e-02 3.452532903105803852e-02
1.089984506046657448e-02 3.489934658265528289e-02
1.127998394232617059e-02 3.573782206517538834e-02
1.070804801864112289e-02 3.486781183601127265e-02
1.091330904478381159e-02 3.338427639249184203e-02
1.021687234249425355e-02 3.442949839920873834e-02
9.164406434695690842e-03 3.576593664562099234e-02
8.834267763655525782e-03 3.377652730086189159e-02
9.405011728694576481e-03 3.414117822368733374e-02
8.885555953034125418e-03 3.413777031581211735e-02
8.937150171271682209e-03 3.517739492030114157e-02
9.693973071342750977e-03 3.873386044364902914e-02
9.916395837177051364e-03 3.452253741556869648e-02
1.063928822634118559e-02 3.559437865749351393e-02
1.099867526051913694e-02 3.688124980202539538e-02
1.043240984106826204e-02 3.823790325709489069e-02
1.012409397472487614e-02 3.647919390517764815e-02
9.927898952291958068e-03 3.500816434248869846e-02
1.016769086755681117e-02 3.410752760678804202e-02
1.150037867647772313e-02 3.512207433176347399e-02
1.170938168722247645e-02 3.567825633384714284e-02
1.227776808971483592e-02 3.319954708252987469e-02
1.114642591452504744e-02 3.559449732926717180e-02
1.210361065379996978e-02 3.607035075513369965e-02
1.345431748753292932e-02 3.416492374210510635e-02
1.239546926386977076e-02 3.734915233401975287e-02
1.271042808016192849e-02 3.752149432114557093e-02
1.221009967779911921e-02 3.761127484687698530e-02
1.190582416840426684e-02 3.760497757251808626e-02
1.107183651661794964e-02 3.997806562996898683e-02
1.031170878991421666e-02 4.181686675050497182e-02
1.098745528213440972e-02 4.148557002492328505e-02
1.156963705388825217e-02 4.326558685441429797e-02
1.219619474219412608e-02 4.411958418397764203e-02
1.291046041531429024e-02 4.579879090709589040e-02
1.262911946057073374e-02 4.453874241928209438e-02
1.067793944200645662e-02 4.387161337307553949e-02
1.001841242216089389e-02 4.532627247875176124e-02
8.592350979540369291e-03 4.294652434559546178e-02
8.327630319467064710e-03 3.971222598717843999e-02
8.472171037122047318e-03 4.238045701357898154e-02
8.846793000228996007e-03 4.009735612896630358e-02
9.587677308428986522e-03 4.035923050697729636e-02
1.042983316507965254e-02 4.332971319668314780e-02
1.068271541137171335e-02 4.232879606737809108e-02
9.517535643522931701e-03 4.140153005056528002e-02
1.027091012008778635e-02 4.144734237504571484e-02
1.135671602501747528e-02 4.235934670435716892e-02
1.086157408658869165e-02 4.296643690783769759e-02
1.176082597510608868e-02 4.594564431724916520e-02
1.201158612428176488e-02 4.219827952457994719e-02
1.128472016031916748e-02 4.011221989365478663e-02
1.158259439682896019e-02 3.924847533414724254e-02
1.192439741514705887e-02 3.949348845754368370e-02
1.187896422425848211e-02 4.001813595924732375e-02
1.213369484406627910e-02 3.976451374848231912e-02
1.250369825272340182e-02 4.313139857459301341e-02
1.220161281233695175e-02 4.160156958767692592e-02
1.301118052922803706e-02 4.247163348677977790e-02
1.336619865653397403e-02 3.926143992278650213e-02
1.323608729219508465e-02 3.695431171498278489e-02
1.413654641794563453e-02 3.690326576003919584e-02
1.465499327949623329e-02 3.771961219342651744e-02
1.395766956652479476e-02 3.781302708573801991e-02
1.389290070887393841e-02 4.195723621193177960e-02
1.248433719346342917e-02 3.650309516113725561e-02
1.151739007279313672e-02 3.639803625659752268e-02
1.223569697576900456e-02 3.425398493962484442e-02
1.255506747585106476e-02 3.278613256535693743e-02
1.192294446421473739e-02 3.178229304981073505e-02
1.353622816364274950e-02 3.199807752632582991e-02
1.326828513651592302e-02 3.165943017718535202e-02
1.450469892215448982e-02 3.218341323313773927e-02
1.464717838113425812e-02 3.168144634520261849e-02
1.501994369462132661e-02 3.392291618940258824e-02
1.497802925195187290e-02 3.106527752280759114e-02
1.344946862137261917e-02 2.701855687686670338e-02
1.342430616524480785e-02 2.865343149029112718e-02
1.350793268507624600e-02 3.014260421911056989e-02
1.262683855361203429e-02 2.794740159535369362e-02
1.211624689814951202e-02 2.457481413789424501e-02
1.304639988884553035e-02 2.944003618158350793e-02
1.343369519167533083e-02 2.905549276128212288e-02
1.331025858505941253e-02 2.728806180705948062e-02
1.358055087012713207e-02 3.042465641970304099e-02
1.348979900329789865e-02 2.935410073117413615e-02
1.311940508908445054e-02 2.894454025187951501e-02
1.333936180480937810e-02 3.138185430891137634e-02
1.410845822700601895e-02 3.196725950471607930e-02
1.530036564706629791e-02 3.054898090368931771e-02
1.476357393122788159e-02 3.632667794088606517e-02
1.329224360460644523e-02 3.335811302739049439e-02
1.288513668914038728e-02 3.273617050793620198e-02
1.338463075471517730e-02 3.121048814259886131e-02
1.377628769481269687e-02 3.146057402702271549e-02
1.358308857983608724e-02 3.478806844744404547e-02
1.247213474064780454e-02 3.386382526077368754e-02
1.241531287004898031e-02 3.309986308345309880e-02
1.309596805197257158e-02 3.369532131051491269e-02
1.414863413816224921e-02 3.162949678699632228e-02
1.283478637899958252e-02 3.346542844616971074e-02
1.445427943531561905e-02 3.648208637226723478e-02
1.514606200469529457e-02 3.681094883128677858e-02
1.535899395416808616e-02 3.614158724268024675e-02
1.552088256905482383e-02 3.719824189198756709e-02
1.537672470253477995e-02 3.709883649702949010e-02
1.524736749216863002e-02 3.635744999966961793e-02
1.428975254385710277e-02 3.221467075130731578e-02
1.374700413339883381e-02 3.274285297036426401e-02
1.434180855145857775e-02 2.993512578674025967e-02
1.385897451370233027e-02 3.342343207354065565e-02
1.535790420022792660e-02 3.697213904402749107e-02
1.454615336743793862e-02 3.429156645824234240e-02
1.379287824373244889e-02 3.907692030121969612e-02
1.439008886736770597e-02 4.218343142519260375e-02
1.579829648485087459e-02 4.387594985394563385e-02
1.579056611689989842e-02 4.484007287869404279e-02
1.515930489871798736e-02 4.456581898861355917e-02
1.558188046344726428e-02 4.703920724415046328e-02
1.532493362551669812e-02 4.930865102014838491e-02
1.498233493024402931e-02 4.782149436760464029e-02
1.509463281273507214e-02 4.320345271321984759e-02
1.468432842631556788e-02 4.138108554417697232e-02
1.436607533269306132e-02 3.797652569028724112e-02
1.448897472563379606e-02 3.850474852334099390e-02
1.445345838198942683e-02 3.688796273165786260e-02
1.560941263435225955e-02 4.026249259615941045e-02
1.474926542109715293e-02 3.541669881443337831e-02
1.570367520382742049e-02 3.270544375082402172e-02
1.510292715777762813e-02 2.972706258834759835e-02
1.607913628760045122e-02 2.803814406244841198e-02
1.574093696930558076e-02 3.257588882408438136e-02
1.576145981012691544e-02 3.265403490732571995e-02
1.533009230979334551e-02 3.073810392432836658e-02
1.491366064738561953e-02 2.834715457264990954e-02
1.602395308579726563e-02 3.065558149860182421e-02
1.609835366609072352e-02 3.168213225370508646e-02
1.595245241917638349e-02 3.320515701272962888e-02
1.617618172230682674e-02 3.416398122934012627e-02
1.612681702626940494e-02 3.507275087621106874e-02
1.643636296863056068e-02 3.679149224402041007e-02
1.813575380471314780e-02 3.708879762882202197e-02
1.706493476538760087e-02 3.505340781775712067e-02
1.775078779883124125e-02 3.683793029242949518e-02
1.746655107863631998e-02 3.746582018667986985e-02
1.732018323971997592e-02 3.748814859895683443e-02
1.751326125982930262e-02 3.887462183829108048e-02
1.677873695255045414e-02 3.615499363259685323e-02
1.738387100980842009e-02 3.339485300145417224e-02
1.604302942531513065e-02 3.622762289664027691e-02
1.613630115475869417e-02 3.618685169680630614e-02
1.498975847908867037e-02 3.266377835002794161e-02
1.636679222094256786e-02 3.590328390400168712e-02
1.705586500937332842e-02 3.938032936271384371e-02
1.565989227506242240e-02 3.814246337986410690e-02
1.610794944491341849e-02 3.846724743758200143e-02
1.690920539807175271e-02 3.923862431505024256e-02
1.676354463367188061e-02 3.936508906754310200e-02
1.559887084521844290e-02 4.137009252533405818e-02
1.533950243427377805e-02 4.121603256478441335e-02
1.546447503767257176e-02 3.842376709707499144e-02
1.576275940405014869e-02 4.081509236890278752e-02
1.471070969341847258e-02 4.024573771314229192e-02
1.803509148545703877e-02 4.016167354535728207e-02
1.687666652196212827e-02 4.358333042912291427e-02
1.683258515245034809e-02 4.280748347909113516e-02
1.707283535045090589e-02 4.256557817397665922e-02
1.758968147701414630e-02 4.325952744562821389e-02
1.781212994678416442e-02 4.401624305822456062e-02
1.654210742411816107e-02 4.265188715546735371e-02
1.777176746352828601e-02 4.008378161747788715e-02
1.694969239724869112e-02 4.315425808086398307e-02
1.779010826719247540e-02 4.247001878660152524e-02
1.782580994743889619e-02 4.300046658057175147e-02
1.610135298800419862e-02 4.069725130204703001e-02
1.744811068005017174e-02 4.231415866365623168e-02
1.736169676348734564e-02 3.814829635005591996e-02
1.622625257251939304e-02 3.910443031805447417e-02
1.742013497056377203e-02 3.643615323485257379e-02
1.681056122679499068e-02 3.602129505786665770e-02
1.315494543969635173e-02 3.998195215738527958e-02
1.564736051149497389e-02 4.034237603172503156e-02
1.560031640772243169e-02 4.206309761623399507e-02
1.600665235525961655e-02 4.052308357708978709e-02
1.469901714299990531e-02 4.003342322972609085e-02
1.606460753331443933e-02 3.726922548109576350e-02
1.608643034494381535e-02 3.758104456251180198e-02
1.515939829241355445e-02 3.655876294334094861e-02
1.456034630463947169e-02 3.723497599413820580e-02
1.455617047145851481e-02 3.554731440334785164e-02
1.346799270218606952e-02 4.003885880710744694e-02
1.234397185178668678e-02 4.034258160258711451e-02
1.414431972516272916e-02 3.861400107121164965e-02
1.348701675776199822e-02 4.214746863322973297e-02
1.357383637244179847e-02 4.511969043177255917e-02
1.411999448273733651e-02 4.389580530303182487e-02
1.433996854520768263e-02 4.200035178626412152e-02
1.531283956197411478e-02 4.085062688012137955e-02
1.275560218555813093e-02 3.910315444912877691e-02
1.303855586164585044e-02 3.994093639630508230e-02
1.264014094582322639e-02 4.049978040851718447e-02
1.283270884251670046e-02 3.985696350693440637e-02
1.442877589689788367e-02 3.894604080402408464e-02
1.250558538888683728e-02 4.283881757075315433e-02
1.233792416667000257e-02 4.332104681369410015e-02
1.168783751760230950e-02 4.502747400889823420e-02
1.327331642214432152e-02 4.464983616670114425e-02
1.306598876521847599e-02 4.514020584146506004e-02
1.244002582645042237e-02 4.348936260698101075e-02
1.504481654284914316e-02 4.782514519206253895e-02
1.427576754903408726e-02 4.639155404703380892e-02
1.489841407237973113e-02 5.170173356977500467e-02
1.180334884870104344e-02 5.653156021279751031e-02
1.240403343719865756e-02 5.414981556512502014e-02
1.113564413940903823e-02 5.672553875948711105e-02
1.233453271609988820e-02 5.324366868082516108e-02
1.198455427409713357e-02 5.165799704572875128e-02
1.133884803033741347e-02 5.010336986193131975e-02
1.446529136828102538e-02 4.822466202360031762e-02
1.221722536860741365e-02 5.148033218141952194e-02
1.597137822597793910e-02 5.470675778388799093e-02
1.636159799437037973e-02 5.417007700651490371e-02
9.917183470819827124e-03 5.875306930586341597e-02
1.126460723288126749e-02 5.843408014048202120e-02
1.231407108996560897e-02 5.941239176088333740e-02
1.402314533091823454e-02 5.875391666355182785e-02
1.419006625985463031e-02 5.627560192963197705e-02
1.403016179189265147e-02 5.998380480964715655e-02
1.371231848914636169e-02 5.652580907154160922e-02
1.453704349401951056e-02 5.586524950027213499e-02
1.326005298054156248e-02 4.916539385223830244e-02
1.583518911466576251e-02 4.815456885794792280e-02
1.320509126305515792e-02 4.347687166454938801e-02
1.495034359666513706e-02 4.392995571974527697e-02
1.489357485746144356e-02 4.282641968080497241e-02
1.611159637668002631e-02 4.123867955562984106e-02
1.547198151882808216e-02 4.083012721307845844e-02
1.568388092892027130e-02 4.127674934533981377e-02
1.631094702951335976e-02 4.088827930387753384e-02
1.608641786202913079e-02 4.129835696884190388e-02
1.630601083400839632e-02 4.106510512183780132e-02
1.298319558831393175e-02 4.695859460965402105e-02
1.668487602948253920e-02 5.102338076051917554e-02
1.575024959340602659e-02 4.834444612960835802e-02
1.460978539255741032e-02 4.548020707066235263e-02
1.542523082358550693e-02 4.717008401445893506e-02
1.578775066234045302e-02 4.790674679059334085e-02
1.568278642925916358e-02 4.659882733083057366e-02
1.552139642104238305e-02 4.608209957903693782e-02
1.576966822320643308e-02 4.642249128040876194e-02
1.442850284772619063e-02 4.181391966532900517e-02
1.384981704254688133e-02 4.203546452736423023e-02
1.434335663183007592e-02 4.367339448485010184e-02
1.450436884451875713e-02 3.969894309929056231e-02
1.481330875799548308e-02 3.862481088567162185e-02
1.563250532162235862e-02 3.904708366687716786e-02
1.509179036995012685e-02 3.728502103774582188e-02
1.551177265120959499e-02 3.471564882275431779e-02
1.615672790241919760e-02 3.551179991346097714e-02
1.585085371008292110e-02 3.713042459394519379e-02
1.665539520992963957e-02 4.222186146118866307e-02
1.998985568893667936e-02 4.799967531506980217e-02
1.928542031225847359e-02 4.722085152700607885e-02
2.154692644554011272e-02 5.204112013641316176e-02
2.439223380098610311e-02 5.683700812277184961e-02
2.449304815283623316e-02 6.115330731049466867e-02
2.286076063278327103e-02 5.881883620601165846e-02
2.286353904995699904e-02 5.940664748421093516e-02
2.472062589393184129e-02 6.099728441829514042e-02
2.356493673868974292e-02 6.003494849062387256e-02
2.347660751345076457e-02 5.686473191865375199e-02
2.229222398262253532e-02 5.529799589469140686e-02
2.439845410974117446e-02 5.976819630522226673e-02
2.308235291077878268e-02 5.608805261152419869e-02
2.124921880567853805e-02 5.277025833286430601e-02
2.093289295072188125e-02 4.796199285941356305e-02
2.027029078334107240e-02 5.316579357347221008e-02
2.060464755171523971e-02 5.415244584099485059e-02
2.005782398663662203e-02 5.262731413145591702e-02
1.998844797693256903e-02 5.379153382091887009e-02
1.870175730939598741e-02 5.150834215902277274e-02
1.851037270386403019e-02 5.021739716092453454e-02
1.658483932863085916e-02 5.182414243027570755e-02
1.543891271822985488e-02 5.001365562242810620e-02
1.499784125156879491e-02 4.725058418570041857e-02
1.498738559510087200e-02 4.581023881116386837e-02
1.505727791415142555e-02 4.557843899512312863e-02
1.531499743037984668e-02 4.638691783155953624e-02
1.535840508440610222e-02 4.617337582324500950e-02
1.551930546183689918e-02 4.493991939474954039e-02
1.561371097735270337e-02 5.044592745527459038e-02
1.684860717082933834e-02 4.659760856142067947e-02
1.714119253464286771e-02 4.486133383823119603e-02
1.658429554599277767e-02 5.001507563774069964e-02
1.593850167729428738e-02 4.965197150909537310e-02
1.645931781781681535e-02 4.804369168280611668e-02
1.551269342536436280e-02 4.734767373785500610e-02
1.531229795152239635e-02 4.672758503790899742e-02
1.413366294054161330e-02 4.693502314177866452e-02
1.485253506499782140e-02 4.965646810854750653e-02
1.459807504064206118e-02 4.913106783568536862e-02
1.564944139792633776e-02 4.998527619009769662e-02
1.475747960022628057e-02 4.854719552181677167e-02
1.312157161721997159e-02 4.618489952058140585e-02
1.368747757863967955e-02 4.794681988954489771e-02
1.416639744858324765e-02 4.784471323919785302e-02
1.595639400773381580e-02 4.879408838323907871e-02
1.597995155129627864e-02 4.851920862775881832e-02
1.525399729524699009e-02 4.582390836911241772e-02
1.523942553618663591e-02 4.603169273038176107e-02
1.591226996583375991e-02 4.561262907785905429e-02
1.715843345241639673e-02 5.003079323396996542e-02
1.720050620352417750e-02 4.859597004127351461e-02
1.639709449098749466e-02 4.834394028349049688e-02
1.669315590664824725e-02 4.899165085468167730e-02
1.617473371117571224e-02 4.634149966805217041e-02
1.636322670354823858e-02 4.518664121327842231e-02
1.648935992994792626e-02 4.666496260466623108e-02
1.605438112809935355e-02 4.685560784540311607e-02
1.862272231573025572e-02 5.149153486032519850e-02
1.884977794994929789e-02 5.319965524431191639e-02
1.764811304105766074e-02 5.546715107815211598e-02
2.019862113893772237e-02 5.965629421094825746e-02
1.994725690203014851e-02 5.935074814641434077e-02
1.827092309035609902e-02 5.615465825761149082e-02
1.842106143006991964e-02 5.619271244419376393e-02
1.776035590732520306e-02 5.270869011690197670e-02
1.718096492656673302e-02 5.243024501968591294e-02
1.620533886528032624e-02 5.032640327776088246e-02
1.507976765827881774e-02 4.942962937615415220e-02
1.429988814874351769e-02 4.753867853409243088e-02
1.444052163054261768e-02 4.670551290022541963e-02
1.442381625685021720e-02 4.652160492367381911e-02
1.429097761841661811e-02 4.548518702720932144e-02
1.616031222941405679e-02 4.418506663469602691e-02
1.627384599536422713e-02 4.509119545378698773e-02
1.783926802921782795e-02 4.535291765807047959e-02
1.692072775693993086e-02 4.409632673312970097e-02
1.695272360593876038e-02 4.652110499809406635e-02
1.717988155108960205e-02 4.823296423211589912e-02
1.667838623475099633e-02 4.870139697821523200e-02
1.652443048728097566e-02 4.789253093579250858e-02
1.651835714041203010e-02 4.639817442524104413e-02
1.603633270757391996e-02 4.650515574424534532e-02
1.562938072901552677e-02 4.626860113873535602e-02
1.493954933205909712e-02 4.506771901128316105e-02
1.512548034036818000e-02 4.544847558410065880e-02
1.461857911448164772e-02 4.485912605838899420e-02
1.439724225085200517e-02 4.435745166532937406e-02
1.398295368309510414e-02 4.383487508971590368e-02
1.390312644870034600e-02 4.214191591914072388e-02
1.399124538114139213e-02 4.026475971479392957e-02
1.319771398041989958e-02 4.246708712411127046e-02
1.403641416011335366e-02 4.257025104932216780e-02
1.263548122872227945e-02 4.475188945689156234e-02
1.286693959237675787e-02 4.354672799939619809e-02
1.334640320005209962e-02 4.320516756784784779e-02
1.218114009087300532e-02 4.523363712063959569e-02
1.062684258618162500e-02 4.155480615542555406e-02
1.057466027101305536e-02 4.127165363567373429e-02
1.019680071999469993e-02 4.477311275928400058e-02
1.090932058218475713e-02 4.510629872433612186e-02
1.163343777536295261e-02 4.458291582744512010e-02
1.226755944135603585e-02 4.527049715442112848e-02
1.406915633256219586e-02 4.691925949811265317e-02
1.458245449699581593e-02 4.521115537782850052e-02
1.508842620683347423e-02 4.562782938908568897e-02
1.520743068907059320e-02 4.163483502063903413e-02
1.675945910311971848e-02 4.747135151857513613e-02
1.621018362140868793e-02 4.629780605562814483e-02
1.597722139143320161e-02 4.620050206684003791e-02
1.665496884821677376e-02 4.582745336632063765e-02
1.664832212437541634e-02 4.443931225830227011e-02
1.581622929144303052e-02 4.155819562101616127e-02
1.609143246922273285e-02 4.166223297165214112e-02
1.670857772162021027e-02 4.077383308641702175e-02
1.568727779046839507e-02 3.687702104104604445e-02
1.454955492121864924e-02 3.846946601461571219e-02
1.376852109406586332e-02 3.430403146019833649e-02
1.447094348157864849e-02 3.547549264969055566e-02
1.534199719831766916e-02 3.595825821869060718e-02
1.490136732768610611e-02 3.592655792075874488e-02
1.435293490471340437e-02 3.427140036670811574e-02
1.491001414429924364e-02 3.601259880632055876e-02
1.538713704596374014e-02 3.621685330221056931e-02
1.646450918604816169e-02 3.895980155199979533e-02
1.732842771896383333e-02 3.957642879315013962e-02
1.629518313567659971e-02 3.899714308695898662e-02
1.599991861939803819e-02 3.893326581301095879e-02
1.548297811842900065e-02 3.679417346568657210e-02
1.522897334199524617e-02 3.552455116483880376e-02
1.446809062446056254e-02 3.316049590078868486e-02
1.420253491927185759e-02 3.297646625059082182e-02
1.181528635925753121e-02 3.414422411085350773e-02
1.337124048459661062e-02 3.532444758540122243e-02
1.202701330344948041e-02 3.393338833735934368e-02
1.279091045146070645e-02 3.627430898425706290e-02
1.322628708815709424e-02 3.824246081740634295e-02
1.338764740916693549e-02 3.991622007759666746e-02
1.521520973598359736e-02 3.898963850385630397e-02
1.312927162374734162e-02 4.038779414601852136e-02
1.334042447555051740e-02 4.210605552534337631e-02
1.355456156111235592e-02 4.204327892979351639e-02
1.243082948968441542e-02 4.139450892541386706e-02
1.253379230715951156e-02 4.225912021281547776e-02
1.275975162693417791e-02 4.327985062976100195e-02
1.211138993692460059e-02 3.806843630804639805e-02
1.218581032150518884e-02 3.838558060007243172e-02
1.217297354136760018e-02 3.438677027664142904e-02
1.162123406589973991e-02 3.346120840332703072e-02
1.252676482383740901e-02 3.443222249611496699e-02
1.439183838841347901e-02 3.475339519576034486e-02
1.562434161413394328e-02 3.765079293047678133e-02
1.520139382931977833e-02 3.846374794455240803e-02
1.480536005689003613e-02 3.877730712378106570e-02
1.459698401913792423e-02 3.585117371507240414e-02
1.516828585069956471e-02 3.834063195234119897e-02
1.591695124078338491e-02 3.520022874957173808e-02
1.593479454246604990e-02 4.010063763368690304e-02
1.658825462114555185e-02 4.082080043425338756e-02
1.630321572603429803e-02 4.302882976432183260e-02
1.432580963968935542e-02 4.258472549768112236e-02
1.395125345881392288e-02 4.320629718004346392e-02
1.361015619506567194e-02 4.302293014916639541e-02
1.401601281910142167e-02 4.183163280276708251e-02
1.386838583593170277e-02 4.213532990619021923e-02
1.415427845817192158e-02 4.249044692573312326e-02
1.298416836312402123e-02 4.270334183463982830e-02
1.262235640250809754e-02 4.381601278015337386e-02
1.214272190005441163e-02 4.231990835238311210e-02
1.291781460097525189e-02 3.959661500506852366e-02
1.426553124751579922e-02 4.366598227602615928e-02
1.360275970271838941e-02 4.347901001166259993e-02
1.465608728001486193e-02 4.362723911119777837e-02
1.396641990644458507e-02 4.100803505638544316e-02
1.336906766593195378e-02 4.021703746324667428e-02
1.328612091063590891e-02 3.926621351204557381e-02
1.284207481823237615e-02 3.868712699344784012e-02
1.266909695375144189e-02 3.821346134493976143e-02
1.233664198808365371e-02 3.905919746883725063e-02
1.281770435783827558e-02 4.208642012813974820e-02
1.369167741241331115e-02 4.196890646492196231e-02
1.375610077099922654e-02 4.037176792395059249e-02
1.328927213796274841e-02 3.981339156893846237e-02
1.489739371288904823e-02 4.242590414098119239e-02
1.409387447864779951e-02 3.965738297691685788e-02
1.390315553390789570e-02 4.026504622446333559e-02
1.464147462306007730e-02 3.997432109717690557e-02
1.545382500993692718e-02 4.157851168684165155e-02
1.490394510173966187e-02 4.178824775508997030e-02
1.433724554070668102e-02 4.016769518493499419e-02
1.297813928187185190e-02 3.940992650342073356e-02
1.316488102598851150e-02 3.727187806363108091e-02
1.374735937417738071e-02 4.031844715047419592e-02
1.337302647066865822e-02 4.094078446619669326e-02
1.420423777126742122e-02 4.525530712421472340e-02
1.391435264607173566e-02 4.409088463638805716e-02
1.440842715740228361e-02 4.398232327487038712e-02
1.566141302880357661e-02 4.435670399687288712e-02
1.542470309565123661e-02 4.584808603733100951e-02
1.531916492450283683e-02 4.636651689288262546e-02
1.516907685335921671e-02 4.658309956100531446e-02
1.528845614046739701e-02 4.800344775303863609e-02
1.425309942139329523e-02 4.913414134420669710e-02
1.322737160374509204e-02 4.483241503238870329e-02
1.305330401462893690e-02 4.906143193358060428e-02
1.316083565608495987e-02 4.874327217097164378e-02
1.335397149374809890e-02 4.824211151826517802e-02
1.368251535946451991e-02 4.708167969986741530e-02
1.414006939458711809e-02 4.293748709470381758e-02
1.422018065762158459e-02 4.596539221254756363e-02
1.475275179964287940e-02 4.589500524884967958e-02
1.424249972514693430e-02 4.439730490026905230e-02
1.542258121536221188e-02 4.436606258179468659e-02
1.510843700295071840e-02 4.467947092686529870e-02
1.667257903907643640e-02 4.640684429608392392e-02
1.586665327236586043e-02 4.759487418589164465e-02
1.549597448206093200e-02 4.802029686587454271e-02
1.475934650674980315e-02 4.954523168647412268e-02
1.472625335947798028e-02 4.972146111321427975e-02
1.419738321397906282e-02 4.817105432717731089e-02
1.418395770621649205e-02 4.906576641843612974e-02
1.388736253057189403e-02 5.013819466862908664e-02
1.345469319416096356e-02 4.768772421488500640e-02
1.374359828658345759e-02 4.980582539973253675e-02
1.352243680842786164e-02 4.964988167061318292e-02
1.365952377069773807e-02 5.036922132555708698e-02
1.330074413843308247e-02 4.782430240062603144e-02
1.373146576578404381e-02 4.668864377919691722e-02
1.341677884850498922e-02 4.958245526290334937e-02
1.345951429926593723e-02 4.886178889260037878e-02
7.113562869339342190e-03 5.397561000334034215e-02
8.510366168066815784e-03 5.621532973646553577e-02
9.300186713698192775e-03 5.682505520338577976e-02
1.019935349182200454e-02 5.431960694167752707e-02
1.072428339218130938e-02 5.376051896172200778e-02
1.064229273544340520e-02 5.369665284892386620e-02
1.021138369617401349e-02 5.105150683746214474e-02
1.042772622660949160e-02 5.235166318902600285e-02
1.054499087055715822e-02 5.181877630195964868e-02
1.123575212295739936e-02 5.429908981179693006e-02
1.148243369450415406e-02 5.503911468242211891e-02
1.145171192028434683e-02 5.389971827832213541e-02
1.260907467603236513e-02 5.410925411769589716e-02
1.355492509873447438e-02 5.290884254054380176e-02
1.372322258059836125e-02 5.217311433473313664e-02
1.228346877785186676e-02 5.470135046784731225e-02
1.345947683000240681e-02 5.294826028487154695e-02
1.432200919363241232e-02 5.747565434659637068e-02
1.409345704740757113e-02 5.677526988910180233e-02
1.372265219767507781e-02 5.464173726716678448e-02
1.390467360978347132e-02 5.487376111151932856e-02
1.454522934203391488e-02 5.405168813141670442e-02
1.486869139366616896e-02 5.425045125756765285e-02
1.564980215785814407e-02 5.308392537308337378e-02
1.586614458478531955e-02 5.251056368539543800e-02
1.655346659539717533e-02 5.668034318443034014e-02
1.593143921465939652e-02 5.391310764425071012e-02
1.665183093842335926e-02 5.475298792942327047e-02
1.679607109889959954e-02 5.081764671785914816e-02
1.676161561034230502e-02 4.981832887862745751e-02
1.801521705758798303e-02 4.872036622906587150e-02
1.685809108897717845e-02 4.808268425828557402e-02
1.612377045153627966e-02 4.784626651194913427e-02
1.604558659460538633e-02 4.752552375408664737e-02
1.505604174482497865e-02 4.802978600862396058e-02
1.453942082318407207e-02 4.883835739045224583e-02
1.485978418576339340e-02 4.898068662262294176e-02
1.482564981031534584e-02 4.820608044748913440e-02
1.615802197743659852e-02 4.885431941216872992e-02
1.536271657843291637e-02 4.778032694696483784e-02
1.534546752879856722e-02 4.688136922261421785e-02
1.598503831342674639e-02 4.651567904537341064e-02
1.551079157248601986e-02 4.453584578410785255e-02
1.488516451734748711e-02 4.457907988591337800e-02
1.476895162386199223e-02 4.174092962993750100e-02
1.543373889401907298e-02 4.176958358401927640e-02
1.574960581236142104e-02 4.178819120349844957e-02
1.571728272405420110e-02 4.122904693915240698e-02
1.609131316018600974e-02 4.235160044705552074e-02
1.681565267575845304e-02 4.489710517232900489e-02
1.786381253979635667e-02 4.204085650984984435e-02
1.829511954593758538e-02 4.127497229582736959e-02
1.804248305437348640e-02 4.026838612828833458e-02
1.777915383750176825e-02 3.972336676430821001e-02
1.723597853547921901e-02 3.743372658805284997e-02
1.738780648985754212e-02 3.640796567996565369e-02
1.694466194712380622e-02 3.669046846049484056e-02
1.711653811663193386e-02 3.792732469884226021e-02
1.682031800417648632e-02 3.865823076665166752e-02
1.677795742245657279e-02 4.263395854835479865e-02
1.738698057337386207e-02 4.242405186230667480e-02
1.738976911914930784e-02 4.260057183223164845e-02
1.736651691841330225e-02 4.432079163905282976e-02
1.818508845525947104e-02 4.560344922663461809e-02
1.958739581851287603e-02 4.661223110096995859e-02
2.047981955601389098e-02 5.067681537876499165e-02
2.093330018205756884e-02 4.988326764069345165e-02
1.971584444189414254e-02 4.993989675301598735e-02
1.900834217346004940e-02 4.832399608885785264e-02
1.929883669397231341e-02 4.804268238824938725e-02
1.861177512493782105e-02 4.736412859383305057e-02
2.008095114083129074e-02 4.623263267669121268e-02
1.978790038831852380e-02 4.499974492520896624e-02
2.000093893935809761e-02 4.671023203416894976e-02
1.933374958563656432e-02 4.853260750924788536e-02
2.006989519749552073e-02 4.913170992949346394e-02
1.948704997033548145e-02 4.904538906543221694e-02
1.896830752403538822e-02 4.996263200394587128e-02
1.809625344416519732e-02 4.850199172928853358e-02
nan nan
nan nan
nan nan
nan nan
